generation/Terrain_Generation/terrain_type/Mountain/Mountain_8Peaks_150Height_42Seed.asc
ncols         101
nrows         101
xllcorner     0.000
yllcorner     0.000
cellsize      10.000
NODATA_value  -9999.0
[rows 64 to 95 of 101, columns 0 to 72 of 101]
5.681 5.982 6.303 6.646 7.014 7.412 7.843 8.312 8.824 9.384 9.998 10.671 11.410 12.219 13.104 14.070 15.123 16.266 17.502 18.835 20.266 21.796 23.425 25.151 26.973 28.887 30.888 32.971 35.130 37.358 39.646 41.986 44.367 46.780 49.210 51.645 54.069 56.463 58.809 61.082 63.259 65.312 67.210 68.923 70.418 71.663 72.627 73.283 73.605 73.575 73.179 72.413 71.279 69.788 67.959 65.820 63.404 60.751 57.906 54.913 51.821 48.676 45.522 42.400 39.345 36.389 33.557 30.867 28.333 25.965 23.765 21.734 19.868
6.794 7.117 7.458 7.819 8.204 8.617 9.061 9.542 10.065 10.636 11.259 11.941 12.688 13.507 14.402 15.379 16.444 17.602 18.856 20.210 21.666 23.226 24.891 26.659 28.530 30.502 32.570 34.730 36.978 39.307 41.710 44.179 46.704 49.274 51.876 54.496 57.116 59.717 62.274 64.761 67.149 69.406 71.495 73.379 75.022 76.384 77.432 78.132 78.456 78.386 77.906 77.014 75.714 74.021 71.960 69.564 66.871 63.929 60.788 57.500 54.117 50.692 47.271 43.899 40.613 37.445 34.422 31.561 28.876 26.375 24.058 21.926 19.973
8.150 8.494 8.854 9.231 9.631 10.056 10.511 11.000 11.530 12.106 12.734 13.420 14.170 14.991 15.890 16.872 17.943 19.108 20.373 21.741 23.216 24.800 26.494 28.300 30.216 32.243 34.377 36.615 38.955 41.390 43.914 46.521 49.200 51.942 54.732 57.554 60.389 63.215 66.003 68.723 71.339 73.814 76.106 78.171 79.964 81.443 82.567 83.300 83.612 83.481 82.895 81.851 80.358 78.435 76.114 73.432 70.438 67.184 63.727 60.126 56.440 52.723 49.028 45.400 41.881 38.501 35.287 32.258 29.424 26.792 24.363 22.133 20.095
9.809 10.170 10.544 10.934 11.343 11.775 12.235 12.727 13.258 13.832 14.457 15.138 15.884 16.699 17.593 18.570 19.638 20.802 22.069 23.442 24.927 26.527 28.244 30.081 32.038 34.116 36.314 38.631 41.064 43.609 46.263 49.017 51.864 54.791 57.786 60.829 63.899 66.970 70.009 72.979 75.841 78.548 81.051 83.301 85.245 86.836 88.026 88.777 89.056 88.840 88.119 86.894 85.177 82.995 80.383 77.389 74.067 70.478 66.687 62.759 58.756 54.740 50.766 46.881 43.128 39.538 36.137 32.942 29.964 27.206 24.668 22.345 20.227
11.849 12.220 12.602 12.996 13.406 13.836 14.291 14.776 15.297 15.859 16.470 17.136 17.865 18.664 19.540 20.501 21.554 22.705 23.962 25.330 26.815 28.420 30.152 32.012 34.003 36.129 38.388 40.783 43.313 45.974 48.765 51.678 54.705 57.835 61.052 64.336 67.661 70.996 74.305 77.544 80.665 83.614 86.336 88.771 90.862 92.554 93.795 94.542 94.763 94.434 93.547 92.107 90.133 87.658 84.725 81.390 77.716 73.773 69.630 65.361 61.034 56.714 52.459 48.317 44.333 40.537 36.954 33.600 30.484 27.607 24.966 22.555 20.362
14.379 14.749 15.125 15.510 15.908 16.322 16.758 17.220 17.716 18.251 18.832 19.467 20.163 20.928 21.772 22.700 23.722 24.846 26.078 27.426 28.897 30.497 32.231 34.106 36.124 38.292 40.611 43.084 45.712 48.495 51.431 54.515 57.737 61.086 64.545 68.089 71.689 75.310 78.906 82.429 85.821 89.020 91.962 94.579 96.807 98.584 99.854 100.572 100.703 100.227 99.138 97.448 95.181 92.378 89.093 85.390 81.341 77.023 72.516 67.897 63.240 58.613 54.078 49.684 45.474 41.480 37.723 34.218 30.972 27.984 25.248 22.755 20.493
17.545 17.896 18.248 18.604 18.969 19.346 19.741 20.159 20.607 21.092 21.621 22.201 22.843 23.553 24.341 25.217 26.187 27.263 28.451 29.762 31.202 32.780 34.504 36.381 38.418 40.620 42.995 45.545 48.275 51.187 54.278 57.544 60.977 64.563 68.282 72.107 76.003 79.926 83.827 87.646 91.317 94.769 97.927 100.717 103.066 104.905 106.176 106.832 106.837 106.175 104.846 102.865 100.268 97.103 93.435 89.338 84.892 80.185 75.301 70.326 65.337 60.407 55.596 50.958 46.531 42.348 38.428 34.784 31.417 28.327 25.505 22.938 20.613
21.531 21.839 22.142 22.443 22.746 23.057 23.382 23.725 24.095 24.498 24.944 25.440 25.996 26.621 27.325 28.118 29.010 30.010 31.130 32.379 33.767 35.304 37.000 38.865 40.908 43.137 45.562 48.189 51.023 54.068 57.324 60.787 64.446 68.287 72.285 76.409 80.619 84.862 89.080 93.203 97.157 100.858 104.224 107.170 109.616 111.489 112.727 113.281 113.119 112.228 110.614 108.302 105.336 101.776 97.695 93.180 88.320 83.210 77.943 72.610 67.293 62.064 56.988 52.115 47.485 43.126 39.056 35.283 31.809 28.628 25.728 23.097 20.716
26.566 26.803 27.025 27.236 27.443 27.650 27.865 28.093 28.344 28.625 28.946 29.317 29.746 30.246 30.826 31.499 32.275 33.166 34.183 35.340 36.648 38.118 39.764 41.598 43.631 45.876 48.343 51.043 53.983 57.167 60.597 64.268 68.168 72.280 76.576 81.017 85.556 90.132 94.675 99.107 103.340 107.281 110.838 113.916 116.428 118.298 119.461 119.869 119.493 118.326 116.383 113.697 110.323 106.334 101.815 96.860 91.571 86.051 80.400 74.712 69.072 63.557 58.228 53.135 48.317 43.797 39.592 35.707 32.138 28.877 25.912 23.225 20.797
32.915 33.048 33.153 33.236 33.303 33.360 33.417 33.481 33.562 33.668 33.812 34.004 34.255 34.577 34.984 35.487 36.100 36.836 37.709 38.733 39.923 41.293 42.860 44.637 46.640 48.885 51.384 54.150 57.194 60.520 64.131 68.021 72.176 76.574 81.182 85.954 90.833 95.750 100.622 105.358 109.860 114.024 117.745 120.923 123.464 125.286 126.326 126.537 125.896 124.404 122.083 118.980 115.163 110.714 105.732 100.322 94.595 88.662 82.629 76.594 70.645 64.857 59.292 53.998 49.010 44.349 40.026 36.044 32.395 29.069 26.049 23.316 20.851
40.856 40.855 40.807 40.720 40.600 40.458 40.302 40.144 39.994 39.865 39.768 39.717 39.725 39.806 39.975 40.247 40.637 41.161 41.835 42.676 43.701 44.929 46.377 48.065 50.010 52.232 54.746 57.569 60.710 64.178 67.974 72.090 76.509 81.204 86.135 91.246 96.472 101.729 106.925 111.954 116.706 121.066 124.917 128.153 130.674 132.398 133.260 133.218 132.258 130.387 127.642 124.081 119.785 114.849 109.385 103.509 97.340 90.997 84.591 78.223 71.981 65.941 60.161 54.688 49.551 44.768 40.347 36.286 32.573 29.196 26.133 23.366 20.871
50.646 50.490 50.260 49.965 49.616 49.223 48.800 48.358 47.913 47.479 47.070 46.702 46.393 46.158 46.015 45.982 46.077 46.319 46.727 47.321 48.124 49.155 50.437 51.992 53.843 56.012 58.518 61.378 64.606 68.210 72.188 76.531 81.218 86.215 91.471 96.924 102.493 108.084 113.588 118.889 123.861 128.378 132.316 135.559 138.005 139.570 140.193 139.839 138.501 136.200 132.984 128.925 124.119 118.674 112.715 106.367 99.759 93.015 86.251 79.568 73.056 66.787 60.818 55.189 49.928 45.047 40.548 36.426 32.667 29.252 26.161 23.370 20.856
62.472 62.157 61.731 61.206 60.594 59.909 59.169 58.388 57.584 56.775 55.980 55.219 54.512 53.878 53.340 52.919 52.636 52.515 52.580 52.854 53.362 54.132 55.188 56.558 58.269 60.345 62.809 65.682 68.977 72.701 76.852 81.417 86.367 91.661 97.238 103.023 108.923 114.827 120.615 126.153 131.303 135.929 139.897 143.086 145.391 146.731 147.050 146.320 144.545 141.761 138.029 133.437 128.094 122.125 115.662 108.844 101.807 94.678 87.576 80.603 73.848 67.378 61.248 55.492 50.132 45.176 40.622 36.460 32.671 29.235 26.128 23.325 20.801
76.392 75.941 75.330 74.573 73.687 72.689 71.598 70.434 69.220 67.978 66.731 65.503 64.319 63.204 62.185 61.288 60.541 59.970 59.605 59.475 59.612 60.045 60.807 61.930 63.443 65.378 67.759 70.608 73.941 77.762 82.067 86.836 92.034 97.609 103.490 109.586 115.789 121.975 128.005 133.732 139.007 143.679 147.610 150.673 152.765 153.807 153.750 152.578 150.308 146.989 142.700 137.544 131.645 125.140 118.175 110.896 103.445 95.953 88.540 81.308 74.340 67.702 61.441 55.587 50.157 45.152 40.566 36.383 32.583 29.141 26.031 23.227 20.703
92.271 91.740 90.989 90.034 88.893 87.589 86.143 84.581 82.929 81.214 79.465 77.713 75.988 74.320 72.743 71.289 69.991 68.884 68.004 67.386 67.067 67.085 67.478 68.283 69.537 71.273 73.520 76.302 79.633 83.518 87.945 92.891 98.309 104.137 110.289 116.660 123.125 129.543 135.760 141.614 146.943 151.587 155.400 158.257 160.053 160.718 160.211 158.530 155.706 151.806 146.923 141.178 134.709 127.667 120.207 112.483 104.641 96.815 89.124 81.666 74.522 67.750 61.392 55.472 50.000 44.973 40.377 36.195 32.401 28.968 25.869 23.075 20.560
109.734 109.217 108.410 107.328 105.994 104.430 102.664 100.724 98.641 96.449 94.182 91.877 89.570 87.301 85.109 83.033 81.116 79.400 77.928 76.743 75.892 75.419 75.369 75.788 76.716 78.192 80.250 82.913 86.196 90.101 94.611 99.692 105.290 111.328 117.704 124.297 130.965 137.550 143.881 149.783 155.080 159.606 163.212 165.769 167.182 167.385 166.352 164.095 160.662 156.135 150.628 144.276 137.232 129.658 121.718 113.573 105.371 97.246 89.314 81.670 74.387 67.519 61.100 55.147 49.662 44.638 40.057 35.895 32.124 28.716 25.640 22.867 20.371
128.142 127.771 127.029 125.935 124.509 122.778 120.770 118.518 116.059 113.429 110.670 107.825 104.939 102.057 99.227 96.498 93.921 91.547 89.430 87.621 86.177 85.150 84.596 84.566 85.109 86.269 88.083 90.576 93.761 97.636 102.180 107.347 113.071 119.260 125.798 132.545 139.341 146.009 152.365 158.218 163.383 167.690 170.984 173.144 174.077 173.732 172.096 169.197 165.102 159.911 153.755 146.786 139.169 131.077 122.681 114.145 105.619 97.235 89.105 81.316 73.936 67.011 60.566 54.613 49.146 44.152 39.607 35.485 31.755 28.385 25.345 22.604 20.135
146.617 146.545 146.022 145.063 143.689 141.924 139.800 137.352 134.618 131.642 128.469 125.149 121.733 118.276 114.834 111.465 108.231 105.192 102.412 99.956 97.889 96.275 95.178 94.659 94.775 95.575 97.100 99.377 102.418 106.215 110.739 115.936 121.725 127.998 134.622 141.439 148.271 154.924 161.199 166.893 171.814 175.786 178.658 180.312 180.667 179.685 177.370 173.767 168.963 163.077 156.256 148.667 140.487 131.899 123.077 114.189 105.381 96.783 88.498 80.610 73.176 66.233 59.800 53.878 48.458 43.519 39.033 34.969 31.296 27.978 24.985 22.286 19.853
164.099 164.490 164.353 163.699 162.545 160.915 158.838 156.351 153.493 150.310 146.853 143.177 139.338 135.401 131.428 127.488 123.653 119.994 116.586 113.506 110.830 108.635 106.995 105.980 105.657 106.079 107.292 109.325 112.187 115.865 120.322 125.493 131.282 137.565 144.192 150.985 157.750 164.277 170.353 175.766 180.319 183.834 186.166 187.204 186.881 185.175 182.107 177.744 172.191 165.586 158.092 149.890 141.167 132.112 122.902 113.704 104.661 95.896 87.506 79.564 72.118 65.198 58.811 52.954 47.607 42.747 38.340 34.352 30.750 27.497 24.562 21.913 19.524
179.460 180.463 180.873 180.693 179.937 178.623 176.779 174.438 171.641 168.433 164.867 161.002 156.901 152.632 148.268 143.885 139.565 135.389 131.446 127.823 124.608 121.890 119.756 118.284 117.549 117.614 118.525 120.313 122.984 126.522 130.878 135.976 141.705 147.926 154.469 161.142 167.731 174.015 179.767 184.772 188.828 191.761 193.433 193.745 192.647 190.133 186.247 181.075 174.742 167.404 159.239 150.440 141.202 131.716 122.162 112.702 103.474 94.593 86.146 78.196 70.782 63.922 57.617 51.853 46.606 41.846 37.536 33.641 30.123 26.946 24.078 21.489 19.150
191.644 193.369 194.453 194.893 194.695 193.871 192.444 190.442 187.903 184.872 181.402 177.552 173.388 168.984 164.418 159.773 155.139 150.610 146.283 142.257 138.633 135.510 132.986 131.150 130.083 129.855 130.516 132.096 134.600 138.002 142.246 147.243 152.867 158.963 165.345 171.802 178.110 184.034 189.341 193.809 197.242 199.470 200.367 199.851 197.888 194.494 189.734 183.715 176.582 168.508 159.685 150.314 140.595 130.723 120.875 111.205 101.845 92.899 84.444 76.531 69.190 62.427 56.234 50.591 45.468 40.828 36.633 32.843 29.421 26.330 23.538 21.015 18.734
199.804 202.301 204.134 205.291 205.769 205.574 204.720 203.230 201.137 198.483 195.317 191.698 187.692 183.375 178.829 174.143 169.414 164.742 160.235 156.001 152.153 148.798 146.045 143.992 142.727 142.323 142.833 144.286 146.683 149.991 154.143 159.037 164.533 170.460 176.617 182.780 188.712 194.169 198.916 202.732 205.424 206.836 206.856 205.420 202.516 198.184 192.509 185.621 177.683 168.883 159.425 149.517 139.364 129.156 119.066 109.242 99.804 90.845 82.430 74.599 67.369 60.737 54.686 49.189 44.209 39.706 35.639 31.968 28.652 25.655 22.946 20.495 18.278
203.426 206.674 209.259 211.164 212.374 212.889 212.714 211.866 210.369 208.261 205.585 202.399 198.765 194.760 190.467 185.977 181.392 176.819 172.371 168.164 164.319 160.953 158.181 156.106 154.824 154.409 154.914 156.366 158.758 162.051 166.166 170.986 176.360 182.100 187.992 193.801 199.280 204.184 208.275 211.339 213.194 213.698 212.757 210.331 206.432 201.121 194.510 186.748 178.017 168.517 158.462 148.065 137.530 127.044 116.771 106.850 97.389 88.469 80.141 72.432 65.349 58.878 52.995 47.665 42.846 38.495 34.569 31.024 27.822 24.927 22.307 19.934 17.784
202.401 206.303 209.571 212.178 214.104 215.339 215.881 215.738 214.929 213.482 211.437 208.844 205.765 202.270 198.444 194.379 190.176 185.946 181.807 177.880 174.290 171.159 168.607 166.743 165.660 165.435 166.119 167.731 170.258 173.649 177.814 182.623 187.909 193.471 199.086 204.507 209.485 213.773 217.139 219.379 220.324 219.854 217.898 214.438 209.514 203.213 195.668 187.050 177.557 167.401 156.802 145.974 135.120 124.419 114.026 104.068 94.640 85.809 77.612 70.064 63.160 56.879 51.185 46.040 41.397 37.209 33.432 30.023 26.942 24.153 21.627 19.336 17.258
197.031 201.429 205.241 208.435 210.986 212.877 214.098 214.652 214.549 213.810 212.470 210.572 208.172 205.339 202.152 198.701 195.089 191.426 187.830 184.425 181.338 178.693 176.609 175.197 174.548 174.734 175.800 177.757 180.582 184.210 188.538 193.422 198.681 204.104 209.454 214.483 218.939 222.579 225.180 226.553 226.551 225.074 222.078 217.574 211.627 204.351 195.904 186.473 176.272 165.522 154.446 143.260 132.159 121.314 110.869 100.936 91.597 82.903 74.880 67.529 60.834 54.764 49.280 44.334 39.878 35.863 32.243 28.974 26.018 23.340 20.911 18.706 16.702
187.979 192.668 196.836 200.446 203.471 205.887 207.683 208.852 209.401 209.344 208.710 207.536 205.873 203.784 201.345 198.644 195.778 192.858 189.999 187.325 184.959 183.026 181.642 180.911 180.920 181.734 183.386 185.877 189.168 193.182 197.799 202.859 208.170 213.507 218.630 223.286 227.225 230.213 232.042 232.541 231.586 229.104 225.081 219.556 212.623 204.422 195.132 184.958 174.126 162.864 151.398 139.938 128.672 117.760 107.334 97.490 88.296 79.788 71.978 64.856 58.397 52.560 47.300 42.566 38.306 34.470 31.012 27.887 25.059 22.495 20.165 18.048 16.121
176.154 180.914 185.223 189.046 192.353 195.121 197.332 198.979 200.064 200.597 200.601 200.110 199.169 197.837 196.185 194.298 192.269 190.204 188.216 186.424 184.948 183.907 183.410 183.553 184.414 186.044 188.464 191.658 195.571 200.108 205.133 210.470 215.913 221.230 226.173 230.491 233.941 236.299 237.376 237.024 235.144 231.696 226.693 220.206 212.357 203.311 193.267 182.446 171.084 159.413 147.656 136.019 124.678 113.784 103.451 93.762 84.769 76.493 68.935 62.073 55.872 50.286 45.264 40.751 36.694 33.042 29.748 26.770 24.073 21.623 19.395 17.366 15.518
162.580 167.200 171.439 175.266 178.651 181.573 184.014 185.967 187.429 188.412 188.933 189.025 188.729 188.101 187.208 186.129 184.956 183.789 182.738 181.913 181.430 181.398 181.916 183.070 184.922 187.509 190.833 194.861 199.517 204.686 210.214 215.911 221.557 226.911 231.723 235.745 238.743 240.510 240.877 239.721 236.975 232.626 226.722 219.363 210.699 200.917 190.235 178.888 167.116 155.154 143.221 131.513 120.198 109.409 99.248 89.780 81.043 73.046 65.775 59.201 53.280 47.960 43.187 38.902 35.053 31.587 28.460 25.631 23.064 20.731 18.605 16.667 14.899
148.255 152.555 156.541 160.182 163.456 166.342 168.826 170.900 172.566 173.833 174.720 175.257 175.485 175.457 175.239 174.906 174.546 174.256 174.137 174.296 174.839 175.863 177.457 179.690 182.609 186.230 190.537 195.472 200.941 206.807 212.895 219.001 224.891 230.321 235.038 238.800 241.387 242.608 242.318 240.424 236.888 231.729 225.027 216.911 207.556 197.171 185.988 174.252 162.207 150.085 138.100 126.437 115.250 104.658 94.746 85.566 77.140 69.465 62.517 56.257 50.635 45.595 41.078 37.029 33.391 30.114 27.155 24.475 22.040 19.822 17.799 15.952 14.265
134.038 137.889 141.480 144.788 147.793 150.481 152.842 154.871 156.574 157.962 159.056 159.886 160.496 160.937 161.274 161.582 161.946 162.457 163.213 164.312 165.849 167.911 170.572 173.885 177.877 182.544 187.844 193.700 199.992 206.562 213.218 219.737 225.879 231.392 236.026 239.549 241.753 242.470 241.581 239.020 234.782 228.919 221.537 212.795 202.890 192.048 180.515 168.540 156.367 144.225 132.317 120.816 109.861 99.557 89.972 81.144 73.081 65.769 59.175 53.253 47.946 43.198 38.947 35.137 31.713 28.627 25.837 23.306 21.002 18.901 16.981 15.225 13.619
120.575 123.902 127.012 129.887 132.515 134.886 136.997 138.849 140.450 141.817 142.973 143.955 144.805 145.579 146.341 147.166 148.138 149.343 150.875 152.824 155.275 158.303 161.966 166.298 171.306 176.963 183.206 189.931 196.996 204.222 211.398 218.289 224.645 230.212 234.747 238.026 239.861 240.105 238.667 235.512 230.662 224.202 216.266 207.036 196.728 185.584 173.855 161.794 149.641 137.617 125.913 114.689 104.069 94.139 84.955 76.539 68.888 61.976 55.765 50.200 45.225 40.778 36.799 33.232 30.024 27.130 24.509 22.126 19.955 17.970 16.153 14.489 12.965
108.276 111.055 113.648 116.045 118.237 120.224 122.005 123.590 124.992 126.232 127.340 128.356 129.326 130.310 131.374 132.594 134.051 135.831 138.022 140.706 143.959 147.842 152.398 157.641 163.558 170.100 177.178 184.667 192.401 200.181 207.782 214.956 221.448 227.007 231.394 234.401 235.859 235.647 233.699 230.011 224.636 217.684 209.316 199.734 189.170 177.874 166.101 154.102 142.112 130.338 118.959 108.120 97.926 88.451 79.733 71.782 64.584 58.106 52.300 47.111 42.478 38.340 34.638 31.317 28.327 25.624 23.172 20.939 18.899 17.031 15.318 13.746 12.304
