generation/Terrain_Generation/terrain_type/Mountain/Mountain_8Peaks_150Height_42Seed.asc
ncols         101
nrows         101
xllcorner     0.000
yllcorner     0.000
cellsize      10.000
NODATA_value  -9999.0
[rows 32 to 63 of 101, columns 0 to 72 of 101]
2.141 2.384 2.651 2.943 3.264 3.616 4.003 4.429 4.899 5.420 6.000 6.649 7.383 8.217 9.174 10.279 11.566 13.071 14.840 16.924 19.377 22.260 25.637 29.568 34.113 39.322 45.231 51.860 59.205 67.234 75.883 85.055 94.617 104.403 114.216 123.837 133.031 141.557 149.180 155.684 160.882 164.626 166.816 167.407 166.411 163.892 159.969 154.803 148.593 141.558 133.932 125.951 117.837 109.797 102.010 94.626 87.762 81.502 75.898 70.979 66.747 63.190 60.282 57.990 56.277 55.105 54.437 54.238 54.473 55.109 56.110 57.435 59.039
2.057 2.288 2.542 2.821 3.127 3.463 3.833 4.240 4.692 5.193 5.754 6.386 7.102 7.922 8.867 9.964 11.248 12.756 14.533 16.631 19.106 22.015 25.421 29.381 33.952 39.176 45.086 51.693 58.985 66.921 75.431 84.408 93.715 103.182 112.611 121.786 130.476 138.452 145.491 151.393 155.989 159.151 160.800 160.910 159.507 156.673 152.535 147.260 141.046 134.111 126.680 118.977 111.210 103.571 96.222 89.295 82.892 77.082 71.906 67.380 63.502 60.252 57.600 55.511 53.948 52.873 52.251 52.048 52.233 52.775 53.642 54.799 56.206
1.983 2.206 2.450 2.718 3.012 3.335 3.692 4.086 4.523 5.011 5.558 6.176 6.881 7.690 8.627 9.720 11.002 12.512 14.295 16.401 18.885 21.803 25.213 29.172 33.728 38.919 44.771 51.287 58.448 66.205 74.481 83.164 92.114 101.159 110.105 118.740 126.845 134.201 140.603 145.869 149.849 152.438 153.574 153.249 151.506 148.437 144.175 138.890 132.778 126.048 118.914 111.586 104.257 97.098 90.255 83.843 77.947 72.624 67.903 63.792 60.280 57.344 54.951 53.067 51.653 50.673 50.094 49.885 50.018 50.466 51.201 52.191 53.402
1.918 2.133 2.369 2.628 2.913 3.226 3.572 3.955 4.382 4.858 5.395 6.004 6.700 7.502 8.433 9.521 10.800 12.309 14.090 16.193 18.671 21.577 24.966 28.888 33.387 38.495 44.230 50.588 57.543 65.040 72.996 81.297 89.800 98.337 106.719 114.743 122.202 128.893 134.629 139.248 142.623 144.664 145.333 144.637 142.630 139.412 135.122 129.926 124.014 117.584 110.838 103.968 97.148 90.531 84.246 78.389 73.032 68.218 63.966 60.275 57.132 54.508 52.371 50.686 49.415 48.526 47.987 47.770 47.850 48.204 48.808 49.635 50.654
1.858 2.067 2.296 2.547 2.824 3.130 3.467 3.842 4.259 4.727 5.256 5.856 6.545 7.340 8.265 9.347 10.620 12.121 13.891 15.979 18.434 21.306 24.644 28.495 32.895 37.872 43.434 49.572 56.253 63.417 70.979 78.822 86.806 94.767 102.524 109.887 116.663 122.668 127.733 131.717 134.514 136.054 136.316 135.320 133.131 129.854 125.626 120.610 114.986 108.940 102.656 96.308 90.051 84.021 78.325 73.047 68.242 63.943 60.159 56.886 54.103 51.782 49.891 48.394 47.258 46.452 45.947 45.718 45.745 46.007 46.483 47.151 47.987
1.803 2.005 2.228 2.473 2.744 3.042 3.372 3.740 4.150 4.611 5.132 5.725 6.407 7.195 8.112 9.185 10.446 11.932 13.682 15.741 18.154 20.969 24.229 27.975 32.237 37.036 42.375 48.238 54.587 61.358 68.464 75.791 83.201 90.539 97.633 104.308 110.388 115.706 120.115 123.496 125.760 126.858 126.781 125.563 123.275 120.023 115.942 111.187 105.925 100.328 94.562 88.781 83.123 77.702 72.611 67.916 63.661 59.869 56.542 53.670 51.231 49.196 47.535 46.213 45.199 44.466 43.988 43.745 43.717 43.888 44.241 44.758 45.418
1.750 1.947 2.165 2.404 2.669 2.961 3.285 3.646 4.050 4.504 5.018 5.605 6.278 7.058 7.965 9.025 10.270 11.732 13.451 15.466 17.821 20.557 23.713 27.323 31.413 35.995 41.068 46.610 52.579 58.911 65.517 72.286 79.088 85.775 92.190 98.171 103.561 108.213 112.001 114.824 116.613 117.335 116.995 115.632 113.324 110.174 106.313 101.885 97.043 91.943 86.731 81.543 76.497 71.691 67.201 63.079 59.358 56.051 53.158 50.664 48.545 46.775 45.322 44.157 43.251 42.580 42.122 41.860 41.777 41.860 42.096 42.469 42.963
1.699 1.892 2.104 2.339 2.598 2.885 3.203 3.558 3.956 4.404 4.911 5.491 6.156 6.925 7.819 8.863 10.084 11.516 13.193 15.153 17.432 20.070 23.099 26.548 30.435 34.769 39.542 44.729 50.285 56.144 62.222 68.411 74.588 80.617 86.356 91.658 96.385 100.409 103.624 105.948 107.328 107.745 107.214 105.782 103.525 100.545 96.963 92.911 88.529 83.953 79.313 74.724 70.288 66.085 62.175 58.601 55.385 52.534 50.043 47.895 46.068 44.534 43.267 42.239 41.425 40.805 40.358 40.072 39.933 39.931 40.055 40.294 40.633
1.650 1.838 2.047 2.276 2.531 2.812 3.126 3.475 3.867 4.309 4.810 5.381 6.037 6.794 7.673 8.695 9.889 11.283 12.909 14.801 16.993 19.516 22.399 25.665 29.328 33.390 37.840 42.648 47.770 53.141 58.678 64.281 69.837 75.221 80.304 84.959 89.065 92.512 95.213 97.103 98.144 98.328 97.678 96.243 94.099 91.342 88.082 84.441 80.540 76.498 72.429 68.429 64.582 60.954 57.593 54.530 51.781 49.347 47.219 45.382 43.813 42.487 41.380 40.467 39.729 39.145 38.702 38.388 38.193 38.109 38.128 38.241 38.437
1.603 1.788 1.991 2.217 2.467 2.744 3.053 3.397 3.784 4.220 4.713 5.276 5.922 6.665 7.525 8.524 9.685 11.035 12.603 14.418 16.511 18.907 21.631 24.701 28.124 31.900 36.012 40.432 45.113 49.992 54.992 60.021 64.974 69.740 74.206 78.259 81.796 84.728 86.981 88.505 89.277 89.297 88.591 87.212 85.230 82.736 79.827 76.612 73.197 69.684 66.168 62.730 59.439 56.348 53.492 50.896 48.568 46.506 44.701 43.135 41.788 40.639 39.665 38.847 38.165 37.607 37.159 36.813 36.561 36.398 36.317 36.313 36.378
1.558 1.739 1.939 2.161 2.407 2.680 2.984 3.324 3.705 4.135 4.622 5.176 5.810 6.538 7.379 8.350 9.475 10.776 12.281 14.013 15.999 18.261 20.818 23.682 26.859 30.343 34.115 38.147 42.392 46.791 51.272 55.751 60.134 64.324 68.220 71.728 74.760 77.241 79.114 80.343 80.912 80.830 80.125 78.848 77.066 74.859 72.315 69.528 66.588 63.582 60.589 57.676 54.897 52.294 49.894 47.714 45.757 44.020 42.492 41.157 39.997 38.993 38.126 37.379 36.739 36.192 35.731 35.349 35.039 34.800 34.627 34.515 34.458
1.516 1.694 1.890 2.108 2.350 2.620 2.920 3.255 3.632 4.056 4.536 5.081 5.703 6.416 7.235 8.178 9.264 10.515 11.952 13.598 15.474 17.597 19.984 22.642 25.572 28.767 32.206 35.861 39.686 43.628 47.619 51.585 55.443 59.107 62.492 65.516 68.108 70.208 71.770 72.769 73.197 73.067 72.408 71.269 69.711 67.803 65.624 63.252 60.765 58.234 55.724 53.289 50.971 48.802 46.804 44.985 43.348 41.887 40.591 39.447 38.438 37.548 36.762 36.066 35.450 34.904 34.421 33.998 33.631 33.318 33.057 32.845 32.678
1.477 1.651 1.845 2.060 2.299 2.565 2.861 3.193 3.565 3.984 4.457 4.994 5.604 6.301 7.098 8.011 9.058 10.257 11.626 13.185 14.950 16.937 19.156 21.611 24.302 27.219 30.340 33.637 37.069 40.585 44.126 47.624 51.008 54.204 57.140 59.747 61.967 63.753 65.069 65.899 66.240 66.107 65.530 64.554 63.231 61.623 59.797 57.818 55.751 53.654 51.579 49.569 47.657 45.867 44.213 42.701 41.332 40.099 38.992 37.999 37.107 36.302 35.572 34.908 34.300 33.742 33.230 32.762 32.336 31.951 31.608 31.303 31.036
1.441 1.613 1.804 2.016 2.252 2.516 2.809 3.138 3.506 3.920 4.387 4.915 5.515 6.196 6.972 7.856 8.864 10.011 11.314 12.788 14.446 16.301 18.358 20.621 23.086 25.741 28.567 31.534 34.605 37.735 40.870 43.953 46.920 49.709 52.260 54.517 56.431 57.966 59.096 59.810 60.110 60.011 59.542 58.741 57.656 56.339 54.845 53.228 51.542 49.833 48.142 46.502 44.939 43.470 42.105 40.847 39.696 38.645 37.685 36.806 35.999 35.251 34.555 33.903 33.288 32.708 32.159 31.641 31.155 30.700 30.278 29.888 29.529
1.410 1.580 1.768 1.979 2.213 2.474 2.765 3.091 3.456 3.867 4.328 4.849 5.438 6.104 6.860 7.717 8.688 9.787 11.027 12.420 13.978 15.708 17.615 19.700 21.957 24.373 26.929 29.599 32.348 35.136 37.916 40.637 43.246 45.691 47.921 49.891 51.562 52.905 53.903 54.547 54.843 54.805 54.459 53.840 52.986 51.942 50.753 49.463 48.114 46.744 45.383 44.059 42.789 41.585 40.456 39.402 38.422 37.510 36.659 35.861 35.108 34.392 33.708 33.050 32.415 31.802 31.209 30.637 30.089 29.565 29.067 28.596 28.151
1.384 1.552 1.740 1.948 2.181 2.440 2.730 3.054 3.417 3.825 4.282 4.796 5.376 6.030 6.768 7.600 8.537 9.592 10.774 12.093 13.559 15.176 16.947 18.872 20.942 23.145 25.464 27.873 30.341 32.834 35.309 37.724 40.034 42.195 44.165 45.908 47.393 48.597 49.508 50.121 50.441 50.484 50.270 49.830 49.195 48.402 47.486 46.484 45.428 44.348 43.267 42.204 41.173 40.184 39.241 38.344 37.492 36.680 35.902 35.154 34.429 33.722 33.030 32.350 31.682 31.024 30.379 29.749 29.136 28.543 27.971 27.423 26.900
1.366 1.532 1.719 1.926 2.158 2.417 2.706 3.030 3.391 3.797 4.251 4.761 5.334 5.977 6.699 7.510 8.418 9.433 10.564 11.818 13.202 14.720 16.372 18.156 20.063 22.083 24.197 26.383 28.614 30.858 33.080 35.244 37.311 39.245 41.013 42.583 43.932 45.043 45.906 46.518 46.885 47.020 46.941 46.671 46.238 45.670 44.996 44.243 43.436 42.598 41.747 40.897 40.057 39.235 38.433 37.651 36.888 36.141 35.405 34.678 33.956 33.237 32.519 31.802 31.087 30.376 29.672 28.978 28.297 27.633 26.989 26.368 25.770
1.355 1.522 1.707 1.915 2.147 2.406 2.695 3.019 3.381 3.786 4.239 4.746 5.313 5.949 6.659 7.452 8.335 9.318 10.405 11.604 12.919 14.353 15.903 17.568 19.339 21.204 23.147 25.149 27.184 29.226 31.245 33.208 35.086 36.846 38.461 39.908 41.166 42.222 43.068 43.703 44.132 44.366 44.419 44.310 44.059 43.690 43.224 42.683 42.084 41.445 40.780 40.097 39.404 38.707 38.006 37.302 36.593 35.879 35.158 34.427 33.686 32.935 32.174 31.406 30.633 29.859 29.087 28.323 27.571 26.835 26.118 25.424 24.755
1.355 1.522 1.708 1.916 2.149 2.409 2.700 3.025 3.388 3.794 4.247 4.754 5.319 5.949 6.651 7.431 8.296 9.252 10.305 11.460 12.719 14.083 15.551 17.119 18.778 20.519 22.325 24.179 26.060 27.944 29.805 31.616 33.351 34.984 36.494 37.858 39.063 40.096 40.951 41.628 42.130 42.465 42.644 42.682 42.595 42.399 42.111 41.746 41.318 40.840 40.319 39.765 39.181 38.571 37.936 37.277 36.594 35.886 35.153 34.396 33.616 32.815 31.996 31.162 30.319 29.472 28.625 27.785 26.957 26.145 25.355 24.589 23.850
1.369 1.536 1.723 1.933 2.167 2.430 2.723 3.050 3.416 3.825 4.281 4.788 5.354 5.982 6.680 7.452 8.304 9.242 10.269 11.390 12.606 13.917 15.322 16.814 18.388 20.032 21.733 23.476 25.240 27.006 28.751 30.452 32.088 33.637 35.079 36.398 37.581 38.617 39.502 40.234 40.815 41.251 41.550 41.722 41.779 41.733 41.595 41.377 41.087 40.735 40.326 39.865 39.357 38.803 38.204 37.562 36.877 36.150 35.384 34.581 33.743 32.876 31.983 31.071 30.147 29.216 28.286 27.363 26.454 25.564 24.697 23.859 23.051
1.398 1.567 1.756 1.968 2.206 2.471 2.768 3.100 3.470 3.883 4.342 4.854 5.422 6.052 6.749 7.518 8.364 9.291 10.302 11.400 12.586 13.860 15.219 16.657 18.169 19.744 21.370 23.032 24.715 26.399 28.066 29.696 31.271 32.770 34.179 35.483 36.670 37.731 38.661 39.459 40.124 40.659 41.071 41.365 41.550 41.632 41.621 41.523 41.343 41.089 40.762 40.367 39.906 39.381 38.793 38.143 37.434 36.668 35.848 34.979 34.067 33.117 32.137 31.133 30.115 29.091 28.069 27.056 26.060 25.087 24.142 23.229 22.352
1.448 1.619 1.812 2.027 2.268 2.538 2.840 3.176 3.552 3.971 4.437 4.955 5.529 6.164 6.865 7.636 8.481 9.404 10.407 11.493 12.662 13.913 15.243 16.647 18.119 19.649 21.227 22.839 24.470 26.105 27.727 29.319 30.864 32.346 33.750 35.063 36.276 37.380 38.369 39.239 39.991 40.625 41.143 41.549 41.847 42.042 42.137 42.138 42.046 41.866 41.598 41.246 40.809 40.290 39.690 39.011 38.257 37.432 36.541 35.589 34.586 33.538 32.455 31.348 30.225 29.097 27.973 26.863 25.773 24.712 23.685 22.696 21.748
1.522 1.697 1.894 2.114 2.360 2.635 2.943 3.287 3.670 4.096 4.571 5.097 5.679 6.323 7.031 7.808 8.658 9.584 10.588 11.672 12.835 14.077 15.394 16.781 18.233 19.740 21.294 22.881 24.488 26.102 27.708 29.289 30.832 32.322 33.745 35.090 36.347 37.507 38.565 39.516 40.358 41.088 41.708 42.218 42.619 42.913 43.100 43.183 43.162 43.037 42.810 42.480 42.048 41.516 40.886 40.160 39.343 38.440 37.460 36.409 35.298 34.138 32.939 31.714 30.474 29.232 27.997 26.781 25.592 24.437 23.323 22.255 21.235
1.627 1.808 2.009 2.235 2.487 2.770 3.085 3.436 3.828 4.264 4.748 5.285 5.879 6.533 7.252 8.041 8.901 9.836 10.849 11.939 13.107 14.351 15.668 17.055 18.504 20.008 21.558 23.142 24.749 26.366 27.979 29.574 31.138 32.657 34.120 35.514 36.830 38.060 39.197 40.235 41.169 41.997 42.716 43.325 43.822 44.205 44.474 44.627 44.663 44.580 44.378 44.055 43.612 43.051 42.373 41.582 40.685 39.689 38.603 37.436 36.203 34.914 33.585 32.230 30.861 29.493 28.138 26.808 25.512 24.258 23.053 21.901 20.806
1.770 1.957 2.165 2.398 2.658 2.948 3.272 3.633 4.035 4.482 4.978 5.527 6.134 6.802 7.536 8.339 9.214 10.164 11.191 12.296 13.477 14.734 16.065 17.464 18.925 20.442 22.006 23.606 25.232 26.872 28.513 30.142 31.746 33.313 34.832 36.291 37.680 38.991 40.215 41.346 42.378 43.306 44.125 44.830 45.419 45.887 46.231 46.446 46.529 46.477 46.288 45.960 45.493 44.887 44.146 43.276 42.283 41.176 39.967 38.669 37.296 35.865 34.391 32.891 31.382 29.877 28.392 26.939 25.528 24.169 22.868 21.630 20.458
1.960 2.154 2.371 2.612 2.880 3.180 3.514 3.885 4.299 4.758 5.267 5.831 6.452 7.137 7.888 8.709 9.603 10.573 11.620 12.745 13.947 15.227 16.580 18.002 19.488 21.032 22.624 24.256 25.917 27.597 29.282 30.961 32.623 34.254 35.844 37.381 38.856 40.258 41.579 42.811 43.946 44.978 45.899 46.703 47.384 47.934 48.349 48.621 48.745 48.717 48.532 48.187 47.683 47.020 46.202 45.236 44.130 42.897 41.548 40.102 38.574 36.985 35.351 33.694 32.031 30.378 28.753 27.169 25.637 24.167 22.765 21.437 20.184
2.206 2.410 2.636 2.887 3.165 3.476 3.820 4.204 4.630 5.103 5.626 6.205 6.844 7.546 8.317 9.158 10.074 11.067 12.138 13.289 14.519 15.827 17.210 18.665 20.186 21.767 23.400 25.077 26.786 28.519 30.263 32.007 33.739 35.448 37.122 38.750 40.321 41.826 43.253 44.595 45.842 46.984 48.013 48.919 49.694 50.329 50.814 51.141 51.303 51.292 51.102 50.732 50.179 49.446 48.537 47.459 46.224 44.847 43.342 41.730 40.031 38.267 36.459 34.630 32.801 30.990 29.216 27.492 25.832 24.245 22.738 21.315 19.980
2.519 2.735 2.972 3.234 3.525 3.847 4.204 4.601 5.041 5.528 6.067 6.662 7.319 8.040 8.831 9.695 10.634 11.653 12.751 13.932 15.194 16.536 17.956 19.450 21.014 22.641 24.323 26.054 27.823 29.620 31.434 33.254 35.069 36.868 38.638 40.369 42.049 43.667 45.212 46.674 48.042 49.303 50.447 51.463 52.337 53.059 53.617 53.999 54.195 54.196 53.996 53.590 52.978 52.161 51.145 49.939 48.558 47.018 45.340 43.544 41.657 39.702 37.705 35.692 33.684 31.704 29.771 27.900 26.105 24.396 22.780 21.260 19.839
2.915 3.144 3.394 3.670 3.973 4.309 4.680 5.090 5.544 6.046 6.601 7.214 7.889 8.630 9.442 10.328 11.293 12.338 13.466 14.678 15.975 17.354 18.815 20.353 21.965 23.644 25.384 27.176 29.013 30.883 32.777 34.684 36.593 38.493 40.371 42.216 44.017 45.761 47.436 49.030 50.530 51.922 53.191 54.324 55.306 56.120 56.753 57.190 57.419 57.428 57.210 56.759 56.074 55.159 54.019 52.669 51.123 49.403 47.531 45.534 43.441 41.279 39.078 36.866 34.669 32.510 30.409 28.385 26.449 24.613 22.884 21.264 19.755
3.409 3.652 3.918 4.208 4.526 4.876 5.262 5.686 6.155 6.673 7.244 7.874 8.567 9.327 10.160 11.070 12.059 13.132 14.290 15.534 16.867 18.285 19.789 21.374 23.037 24.773 26.575 28.435 30.345 32.296 34.279 36.282 38.294 40.305 42.303 44.275 46.210 48.093 49.912 51.652 53.297 54.832 56.239 57.500 58.596 59.509 60.221 60.715 60.974 60.986 60.741 60.233 59.462 58.432 57.153 55.638 53.908 51.987 49.902 47.685 45.368 42.983 40.564 38.141 35.743 33.395 31.120 28.935 26.854 24.888 23.043 21.321 19.723
4.018 4.280 4.562 4.869 5.203 5.568 5.969 6.408 6.893 7.425 8.012 8.658 9.368 10.147 11.000 11.931 12.945 14.043 15.230 16.507 17.874 19.332 20.879 22.513 24.229 26.024 27.890 29.822 31.812 33.850 35.928 38.035 40.161 42.295 44.424 46.536 48.618 50.656 52.633 54.534 56.340 58.032 59.589 60.989 62.209 63.228 64.022 64.572 64.858 64.866 64.584 64.007 63.134 61.972 60.532 58.832 56.896 54.754 52.436 49.980 47.421 44.798 42.146 39.501 36.892 34.347 31.891 29.540 27.311 25.211 23.248 21.423 19.736
4.767 5.048 5.349 5.673 6.024 6.405 6.821 7.276 7.774 8.322 8.923 9.584 10.310 11.105 11.976 12.927 13.961 15.084 16.297 17.604 19.005 20.500 22.090 23.771 25.540 27.395 29.328 31.335 33.408 35.539 37.718 39.938 42.187 44.454 46.727 48.993 51.238 53.445 55.598 57.676 59.659 61.523 63.244 64.795 66.148 67.278 68.157 68.762 69.070 69.064 68.734 68.071 67.079 65.763 64.141 62.234 60.070 57.683 55.112 52.397 49.580 46.703 43.806 40.927 38.099 35.351 32.708 30.189 27.808 25.574 23.492 21.564 19.786
