generation/Terrain_Generation/terrain_type/Mountain/Mountain_5Peaks_200Height_0Seed_debug.asc
ncols         101
nrows         101
xllcorner     0.000
yllcorner     0.000
cellsize      10.000
NODATA_value  -9999.0
[rows 0 to 32 of 101, columns 0 to 72 of 101]
0.000 0.000 0.000 0.000 0.000 0.000 0.000 0.000 0.000 0.000 0.000 0.000 0.000 0.000 0.000 0.001 0.001 0.001 0.001 0.002 0.003 0.004 0.005 0.007 0.010 0.014 0.019 0.025 0.034 0.045 0.059 0.077 0.099 0.127 0.159 0.198 0.244 0.296 0.356 0.423 0.496 0.575 0.658 0.745 0.833 0.921 1.006 1.086 1.160 1.225 1.280 1.324 1.357 1.380 1.396 1.407 1.417 1.434 1.462 1.512 1.591 1.710 1.881 2.113 2.416 2.801 3.274 3.841 4.503 5.258 6.101 7.018 7.995
0.000 0.000 0.000 0.000 0.000 0.000 0.000 0.000 0.000 0.000 0.000 0.000 0.000 0.001 0.001 0.001 0.001 0.002 0.002 0.003 0.004 0.006 0.008 0.011 0.015 0.021 0.028 0.039 0.052 0.069 0.090 0.117 0.150 0.190 0.239 0.296 0.363 0.440 0.526 0.622 0.727 0.839 0.957 1.079 1.202 1.323 1.439 1.548 1.645 1.730 1.799 1.851 1.887 1.908 1.916 1.916 1.912 1.913 1.927 1.964 2.036 2.155 2.335 2.587 2.926 3.361 3.903 4.557 5.326 6.207 7.193 8.271 9.421
0.000 0.000 0.000 0.000 0.000 0.000 0.000 0.000 0.000 0.000 0.000 0.000 0.001 0.001 0.001 0.001 0.002 0.002 0.003 0.004 0.006 0.009 0.012 0.017 0.023 0.032 0.043 0.058 0.078 0.103 0.135 0.175 0.224 0.283 0.354 0.437 0.533 0.643 0.767 0.903 1.051 1.209 1.374 1.542 1.711 1.876 2.033 2.177 2.305 2.412 2.497 2.557 2.594 2.607 2.601 2.582 2.555 2.531 2.519 2.534 2.589 2.700 2.881 3.150 3.521 4.007 4.620 5.366 6.250 7.269 8.413 9.668 11.011
0.000 0.000 0.000 0.000 0.000 0.000 0.000 0.000 0.000 0.000 0.001 0.001 0.001 0.001 0.001 0.002 0.002 0.003 0.005 0.007 0.009 0.013 0.018 0.025 0.035 0.048 0.065 0.088 0.117 0.154 0.201 0.259 0.330 0.415 0.517 0.636 0.774 0.930 1.104 1.295 1.502 1.720 1.947 2.177 2.406 2.627 2.835 3.023 3.187 3.321 3.423 3.489 3.521 3.520 3.491 3.441 3.379 3.316 3.266 3.245 3.271 3.361 3.535 3.812 4.209 4.744 5.429 6.272 7.279 8.445 9.761 11.210 12.764
0.000 0.000 0.000 0.000 0.000 0.000 0.000 0.000 0.000 0.001 0.001 0.001 0.001 0.001 0.002 0.003 0.004 0.005 0.007 0.010 0.014 0.019 0.027 0.038 0.052 0.071 0.097 0.130 0.172 0.226 0.294 0.378 0.480 0.602 0.747 0.915 1.108 1.327 1.569 1.834 2.117 2.416 2.723 3.034 3.339 3.631 3.903 4.145 4.352 4.516 4.633 4.702 4.722 4.696 4.631 4.536 4.421 4.302 4.195 4.121 4.100 4.155 4.309 4.583 5.000 5.578 6.333 7.276 8.410 9.733 11.234 12.891 14.676
0.000 0.000 0.000 0.000 0.000 0.000 0.000 0.001 0.001 0.001 0.001 0.001 0.002 0.002 0.003 0.004 0.005 0.007 0.010 0.014 0.020 0.029 0.040 0.056 0.077 0.105 0.142 0.190 0.251 0.329 0.425 0.544 0.689 0.861 1.064 1.299 1.567 1.869 2.201 2.562 2.947 3.349 3.761 4.173 4.575 4.956 5.305 5.611 5.866 6.062 6.193 6.257 6.254 6.189 6.071 5.909 5.720 5.522 5.337 5.187 5.099 5.099 5.215 5.473 5.898 6.512 7.334 8.375 9.641 11.128 12.823 14.704 16.735
0.000 0.000 0.000 0.000 0.000 0.000 0.001 0.001 0.001 0.001 0.001 0.002 0.002 0.003 0.004 0.005 0.007 0.011 0.015 0.021 0.030 0.042 0.059 0.081 0.112 0.152 0.205 0.274 0.361 0.471 0.608 0.775 0.976 1.216 1.497 1.820 2.188 2.598 3.049 3.535 4.050 4.584 5.127 5.666 6.187 6.676 7.117 7.498 7.807 8.034 8.173 8.221 8.180 8.057 7.861 7.609 7.318 7.013 6.720 6.467 6.285 6.207 6.265 6.488 6.908 7.548 8.429 9.566 10.965 12.620 14.519 16.634 18.926
0.000 0.000 0.000 0.000 0.001 0.001 0.001 0.001 0.001 0.001 0.002 0.002 0.003 0.004 0.006 0.008 0.011 0.015 0.022 0.031 0.043 0.061 0.085 0.117 0.161 0.218 0.294 0.390 0.513 0.667 0.857 1.089 1.367 1.696 2.079 2.519 3.015 3.567 4.169 4.814 5.494 6.194 6.901 7.596 8.261 8.878 9.427 9.892 10.258 10.512 10.649 10.666 10.566 10.358 10.056 9.680 9.254 8.807 8.372 7.983 7.677 7.493 7.466 7.634 8.030 8.682 9.614 10.841 12.370 14.197 16.305 18.663 21.228
0.000 0.000 0.000 0.001 0.001 0.001 0.001 0.001 0.001 0.002 0.002 0.003 0.004 0.006 0.008 0.011 0.015 0.022 0.031 0.044 0.062 0.087 0.121 0.167 0.229 0.310 0.415 0.549 0.720 0.932 1.193 1.510 1.888 2.334 2.850 3.440 4.102 4.833 5.627 6.473 7.357 8.262 9.168 10.052 10.889 11.656 12.328 12.883 13.305 13.580 13.700 13.664 13.476 13.151 12.705 12.166 11.564 10.934 10.317 9.753 9.287 8.963 8.824 8.911 9.262 9.910 10.879 12.188 13.844 15.840 18.159 20.767 23.614
0.000 0.001 0.001 0.001 0.001 0.001 0.001 0.002 0.002 0.002 0.003 0.004 0.006 0.008 0.011 0.015 0.022 0.031 0.044 0.062 0.088 0.123 0.171 0.236 0.321 0.433 0.579 0.764 0.997 1.286 1.641 2.068 2.576 3.172 3.858 4.638 5.509 6.465 7.498 8.591 9.726 10.880 12.025 13.132 14.169 15.106 15.913 16.564 17.038 17.319 17.400 17.281 16.971 16.487 15.854 15.105 14.278 13.418 12.571 11.789 11.122 10.622 10.337 10.315 10.598 11.221 12.213 13.592 15.366 17.529 20.058 22.917 26.050
0.001 0.001 0.001 0.001 0.001 0.001 0.002 0.002 0.003 0.003 0.004 0.006 0.008 0.011 0.015 0.022 0.031 0.044 0.062 0.088 0.123 0.172 0.239 0.328 0.446 0.599 0.797 1.048 1.363 1.753 2.227 2.796 3.470 4.255 5.156 6.173 7.304 8.538 9.862 11.256 12.693 14.142 15.569 16.935 18.201 19.327 20.279 21.024 21.539 21.806 21.818 21.579 21.102 20.410 19.536 18.522 17.416 16.270 15.143 14.094 13.181 12.464 11.998 11.836 12.024 12.601 13.597 15.033 16.916 19.237 21.972 25.080 28.500
0.001 0.001 0.001 0.001 0.001 0.002 0.002 0.003 0.003 0.004 0.006 0.008 0.011 0.015 0.021 0.030 0.043 0.061 0.086 0.122 0.171 0.239 0.330 0.451 0.611 0.818 1.084 1.421 1.841 2.357 2.984 3.732 4.613 5.635 6.801 8.111 9.559 11.131 12.807 14.558 16.352 18.148 19.900 21.560 23.079 24.410 25.511 26.343 26.880 27.103 27.008 26.602 25.904 24.947 23.772 22.431 20.983 19.494 18.030 16.661 15.455 14.478 13.794 13.459 13.523 14.030 15.012 16.488 18.466 20.935 23.868 27.219 30.921
0.001 0.001 0.001 0.002 0.002 0.002 0.003 0.004 0.004 0.006 0.008 0.011 0.015 0.020 0.029 0.041 0.059 0.083 0.118 0.167 0.234 0.326 0.449 0.612 0.826 1.103 1.457 1.902 2.454 3.130 3.947 4.917 6.055 7.367 8.857 10.522 12.351 14.325 16.416 18.589 20.797 22.989 25.108 27.095 28.890 30.435 31.681 32.584 33.115 33.257 33.006 32.377 31.396 30.106 28.561 26.826 24.970 23.073 21.213 19.470 17.921 16.642 15.701 15.160 15.074 15.487 16.432 17.931 19.988 22.591 25.710 29.293 33.268
0.001 0.001 0.002 0.002 0.002 0.003 0.004 0.005 0.006 0.008 0.010 0.014 0.020 0.028 0.039 0.056 0.080 0.114 0.161 0.227 0.317 0.440 0.604 0.821 1.104 1.468 1.932 2.512 3.230 4.104 5.154 6.397 7.845 9.508 11.386 13.473 15.753 18.199 20.774 23.430 26.110 28.748 31.274 33.616 35.700 37.461 38.839 39.788 40.275 40.285 39.820 38.902 37.568 35.872 33.884 31.680 29.347 26.976 24.659 22.488 20.549 18.924 17.689 16.911 16.646 16.941 17.830 19.332 21.451 24.172 27.461 31.261 35.494
0.001 0.002 0.002 0.002 0.003 0.004 0.005 0.006 0.008 0.010 0.014 0.019 0.026 0.037 0.053 0.076 0.108 0.153 0.217 0.304 0.424 0.586 0.802 1.087 1.456 1.930 2.529 3.277 4.196 5.312 6.645 8.215 10.035 12.114 14.451 17.032 19.836 22.825 25.952 29.154 32.360 35.489 38.455 41.170 43.550 45.517 47.004 47.961 48.355 48.174 47.427 46.145 44.380 42.200 39.689 36.942 34.061 31.152 28.320 25.668 23.292 21.283 19.721 18.676 18.207 18.362 19.173 20.659 22.822 25.642 29.082 33.081 37.554
0.002 0.002 0.003 0.003 0.004 0.005 0.006 0.008 0.010 0.013 0.018 0.025 0.035 0.050 0.071 0.101 0.144 0.204 0.288 0.403 0.560 0.772 1.053 1.421 1.897 2.504 3.269 4.220 5.383 6.787 8.457 10.414 12.673 15.238 18.105 21.255 24.656 28.260 32.004 35.811 39.592 43.248 46.677 49.775 52.445 54.596 56.157 57.073 57.312 56.870 55.763 54.037 51.757 49.011 45.899 42.535 39.038 35.529 32.128 28.948 26.097 23.669 21.751 20.414 19.720 19.715 20.430 21.882 24.068 26.968 30.538 34.712 39.399
0.002 0.003 0.003 0.004 0.005 0.006 0.008 0.010 0.013 0.017 0.024 0.033 0.046 0.066 0.094 0.133 0.189 0.268 0.378 0.528 0.731 1.004 1.364 1.834 2.439 3.208 4.173 5.364 6.817 8.561 10.626 13.034 15.798 18.921 22.392 26.185 30.255 34.540 38.961 43.424 47.818 52.028 55.931 59.408 62.346 64.647 66.231 67.044 67.058 66.275 64.726 62.470 59.591 56.197 52.408 48.356 44.180 40.017 36.001 32.255 28.895 26.023 23.727 22.082 21.146 20.965 21.568 22.968 25.159 28.116 31.791 36.115 40.989
0.003 0.003 0.004 0.005 0.006 0.008 0.010 0.013 0.017 0.023 0.031 0.043 0.061 0.086 0.122 0.174 0.247 0.349 0.490 0.682 0.942 1.289 1.745 2.337 3.097 4.058 5.258 6.733 8.523 10.662 13.181 16.104 19.442 23.194 27.341 31.845 36.649 41.675 46.824 51.980 57.014 61.788 66.161 69.995 73.166 75.566 77.112 77.749 77.457 76.247 74.167 71.295 67.735 63.615 59.078 54.278 49.371 44.510 39.843 35.504 31.615 28.283 25.596 23.631 22.443 22.076 22.554 23.887 26.065 29.057 32.813 37.256 42.285
0.003 0.004 0.005 0.006 0.008 0.010 0.012 0.016 0.021 0.029 0.040 0.056 0.078 0.111 0.158 0.225 0.318 0.448 0.627 0.871 1.199 1.634 2.204 2.942 3.883 5.068 6.540 8.343 10.519 13.108 16.142 19.643 23.621 28.068 32.955 38.233 43.826 49.639 55.551 61.425 67.107 72.439 77.258 81.413 84.764 87.198 88.629 89.007 88.321 86.596 83.899 80.326 76.008 71.094 65.751 60.153 54.475 48.888 43.549 38.603 34.177 30.380 27.302 25.014 23.573 23.014 23.360 24.614 26.761 29.767 33.575 38.107 43.255
0.004 0.005 0.006 0.008 0.009 0.012 0.015 0.020 0.027 0.037 0.051 0.071 0.101 0.142 0.202 0.287 0.405 0.569 0.794 1.099 1.507 2.046 2.749 3.655 4.806 6.249 8.033 10.206 12.818 15.909 19.514 23.653 28.331 33.531 39.214 45.314 51.738 58.368 65.061 71.656 77.975 83.837 89.061 93.479 96.942 99.330 100.561 100.591 99.419 97.091 93.692 89.344 84.201 78.438 72.245 65.818 59.348 53.022 47.008 41.458 36.501 32.249 28.788 26.189 24.499 23.751 23.961 25.126 27.227 30.225 34.059 38.646 43.876
0.005 0.006 0.008 0.009 0.012 0.015 0.019 0.026 0.034 0.047 0.065 0.090 0.128 0.181 0.256 0.362 0.510 0.714 0.992 1.368 1.870 2.529 3.386 4.484 5.874 7.607 9.740 12.327 15.420 19.063 23.290 28.118 33.545 39.545 46.064 53.019 60.295 67.753 75.223 82.520 89.442 95.785 101.351 105.958 109.449 111.702 112.638 112.225 110.479 107.464 103.290 98.105 92.087 85.438 78.371 71.102 63.840 56.783 50.110 43.975 38.512 33.827 30.007 27.113 25.189 24.261 24.337 25.408 27.450 30.420 34.252 38.859 44.132
0.006 0.007 0.009 0.012 0.015 0.019 0.024 0.032 0.043 0.059 0.081 0.114 0.160 0.226 0.320 0.451 0.633 0.884 1.225 1.683 2.291 3.088 4.118 5.432 7.087 9.143 11.660 14.698 18.313 22.550 27.441 32.998 39.212 46.042 53.419 61.240 69.369 77.640 85.859 93.815 101.281 108.035 113.861 118.565 121.987 124.006 124.551 123.604 121.199 117.424 112.416 106.347 99.425 91.876 83.934 75.835 67.803 60.046 52.749 46.069 40.138 35.060 30.914 27.756 25.620 24.526 24.474 25.450 27.423 30.345 34.148 38.742 44.016
0.007 0.009 0.011 0.014 0.018 0.023 0.030 0.040 0.053 0.073 0.101 0.141 0.199 0.280 0.395 0.556 0.778 1.082 1.494 2.045 2.773 3.722 4.944 6.497 8.443 10.848 13.780 17.302 21.472 26.335 31.919 38.231 45.249 52.920 61.156 69.831 78.788 87.832 96.745 105.290 113.221 120.292 126.277 130.975 134.221 135.904 135.962 134.394 131.258 126.667 120.784 113.810 105.979 97.540 88.749 79.857 71.102 62.698 54.834 47.666 41.324 35.904 31.478 28.093 25.776 24.537 24.369 25.250 27.145 30.002 33.750 38.297 43.532
0.009 0.011 0.014 0.017 0.022 0.028 0.037 0.049 0.066 0.090 0.125 0.174 0.244 0.343 0.483 0.677 0.944 1.308 1.800 2.454 3.314 4.431 5.862 7.673 9.931 12.710 16.080 20.109 24.856 30.363 36.655 43.729 51.550 60.049 69.119 78.611 88.341 98.091 107.618 116.659 124.949 132.227 138.257 142.833 145.795 147.039 146.520 144.259 140.336 134.893 128.119 120.244 111.525 102.235 92.647 83.027 73.619 64.644 56.289 48.709 42.025 36.327 31.677 28.112 25.651 24.292 24.022 24.814 26.625 29.401 33.069 37.537 42.694
0.011 0.014 0.017 0.021 0.027 0.034 0.045 0.060 0.081 0.110 0.152 0.212 0.297 0.416 0.583 0.814 1.132 1.563 2.141 2.907 3.911 5.208 6.863 8.947 11.534 14.701 18.525 23.074 28.406 34.562 41.557 49.379 57.979 67.270 77.122 87.364 97.788 108.150 118.183 127.604 136.130 143.490 149.439 153.775 156.343 157.054 155.883 152.871 148.128 141.820 134.167 125.423 115.868 105.794 95.490 85.230 75.265 65.814 57.063 49.159 42.217 36.315 31.505 27.813 25.248 23.799 23.446 24.154 25.878 28.559 32.124 36.482 41.522
0.013 0.016 0.020 0.026 0.032 0.042 0.055 0.073 0.098 0.133 0.184 0.256 0.357 0.499 0.696 0.969 1.341 1.844 2.516 3.403 4.559 6.046 7.935 10.302 13.226 16.790 21.072 26.141 32.052 38.842 46.516 55.050 64.380 74.398 84.954 95.854 106.864 117.719 128.129 137.794 146.419 153.724 159.465 163.442 165.516 165.613 163.729 159.932 154.359 147.205 138.712 129.161 118.851 108.090 97.175 86.387 75.979 66.166 57.128 49.003 41.894 35.869 30.968 27.206 24.581 23.074 22.657 23.290 24.924 27.499 30.941 35.160 40.048
0.016 0.020 0.025 0.031 0.039 0.050 0.066 0.087 0.118 0.160 0.220 0.305 0.424 0.591 0.821 1.138 1.570 2.149 2.921 3.934 5.248 6.931 9.059 11.713 14.976 18.934 23.666 29.240 35.708 43.097 51.405 60.593 70.578 81.235 92.391 103.830 115.296 126.502 137.142 146.902 155.479 162.590 167.995 171.505 172.995 172.414 169.781 165.192 158.808 150.853 141.592 131.325 120.368 109.039 97.642 86.460 75.739 65.692 56.485 48.248 41.071 35.008 30.087 26.314 23.673 22.141 21.680 22.248 23.791 26.249 29.549 33.603 38.307
0.019 0.024 0.029 0.037 0.047 0.060 0.079 0.104 0.140 0.190 0.261 0.360 0.499 0.692 0.958 1.323 1.815 2.476 3.349 4.492 5.967 7.848 10.214 13.150 16.745 21.084 26.245 32.295 39.278 47.214 56.089 65.847 76.391 87.574 99.202 111.040 122.811 134.212 144.922 154.621 162.999 169.780 174.731 177.677 178.515 177.214 173.821 168.458 161.314 152.632 142.702 131.838 120.367 108.612 96.880 85.449 74.560 64.413 55.164 46.928 39.781 33.766 28.897 25.169 22.558 21.031 20.547 21.058 22.511 24.843 27.984 31.850 36.342
0.023 0.028 0.035 0.044 0.056 0.072 0.094 0.124 0.166 0.224 0.306 0.421 0.581 0.802 1.106 1.519 2.075 2.817 3.794 5.066 6.701 8.776 11.373 14.581 18.490 23.184 28.740 35.219 42.660 51.072 60.426 70.653 81.637 93.212 105.166 117.245 129.157 140.585 151.202 160.680 168.716 175.039 179.432 181.738 181.876 179.840 175.705 169.617 161.789 152.485 142.009 130.688 118.854 106.833 94.925 83.402 72.493 62.384 53.219 45.096 38.077 32.191 27.442 23.812 21.271 19.779 19.290 19.754 21.116 23.316 26.285 29.944 34.198
0.027 0.033 0.041 0.052 0.066 0.085 0.111 0.146 0.194 0.262 0.356 0.487 0.669 0.919 1.261 1.724 2.345 3.168 4.248 5.646 7.435 9.693 12.508 15.968 20.162 25.175 31.079 37.928 45.753 54.550 64.279 74.854 86.142 97.960 110.081 122.233 134.114 145.400 155.758 164.865 172.425 178.180 181.931 183.543 182.960 180.204 175.371 168.634 160.225 150.425 139.549 127.929 115.899 103.778 91.860 80.403 69.622 59.688 50.727 42.823 36.023 30.343 25.775 22.292 19.857 18.425 17.947 18.372 19.644 21.706 24.492 27.927 31.924
0.032 0.039 0.049 0.061 0.078 0.100 0.129 0.170 0.226 0.303 0.410 0.559 0.763 1.043 1.423 1.935 2.619 3.522 4.699 6.217 8.149 10.577 13.588 17.272 21.715 26.999 33.191 40.337 48.457 57.537 67.522 78.311 89.755 101.657 113.775 125.829 137.508 148.485 158.430 167.029 173.996 179.094 182.143 183.036 181.740 178.301 172.844 165.559 156.694 146.543 135.427 123.677 111.622 99.572 87.808 76.572 66.061 56.429 47.785 40.197 33.697 28.289 23.954 20.659 18.361 17.010 16.557 16.948 18.131 20.050 22.644 25.843 29.568
0.037 0.046 0.057 0.072 0.091 0.116 0.151 0.197 0.260 0.348 0.468 0.634 0.861 1.170 1.588 2.149 2.893 3.870 5.138 6.765 8.826 11.403 14.584 18.455 23.102 28.600 35.009 42.368 50.685 59.934 70.045 80.905 92.351 104.174 116.123 127.910 139.223 149.737 159.130 167.102 173.384 177.760 180.076 180.249 178.274 174.221 168.234 160.522 151.344 141.000 129.810 118.102 106.194 94.381 82.927 72.056 61.945 52.731 44.502 37.313 31.181 26.099 22.041 18.967 16.828 15.574 15.154 15.517 16.611 18.384 20.780 23.735 27.176
0.044 0.054 0.067 0.084 0.106 0.135 0.174 0.226 0.298 0.396 0.530 0.713 0.962 1.300 1.754 2.360 3.160 4.205 5.554 7.277 9.447 12.149 15.466 19.483 24.280 29.928 36.477 43.956 52.364 61.661 71.765 82.551 93.845 105.429 117.047 128.409 139.205 149.120 157.845 165.095 170.626 174.244 175.823 175.306 172.711 168.132 161.731 153.727 144.388 134.014 122.919 111.420 99.822 88.400 77.399 67.021 57.425 48.725 40.994 34.271 28.561 23.847 20.097 17.266 15.303 14.156 13.776 14.112 15.117 16.742 18.936 21.642 24.794
