generation/Terrain_Generation/terrain_type/Mountain/Mountain_5Peaks_200Height_0Seed_debug.asc
ncols         101
nrows         101
xllcorner     0.000
yllcorner     0.000
cellsize      10.000
NODATA_value  -9999.0
[rows 66 to 98 of 101, columns 0 to 72 of 101]
1.360 1.550 1.780 2.057 2.384 2.770 3.221 3.743 4.344 5.032 5.815 6.700 7.695 8.807 10.044 11.413 12.919 14.568 16.363 18.309 20.407 22.659 25.064 27.620 30.326 33.178 36.170 39.296 42.551 45.924 49.408 52.991 56.659 60.398 64.188 68.009 71.834 75.632 79.368 83.001 86.485 89.770 92.800 95.519 97.869 99.794 101.241 102.164 102.523 102.290 101.452 100.005 97.963 95.354 92.219 88.610 84.593 80.239 75.624 70.828 65.928 61.001 56.114 51.331 46.703 42.275 38.081 34.145 30.482 27.101 24.001 21.178 18.622
1.662 1.837 2.056 2.322 2.644 3.027 3.477 4.004 4.614 5.315 6.115 7.023 8.046 9.193 10.471 11.886 13.447 15.158 17.024 19.049 21.237 23.589 26.106 28.787 31.633 34.639 37.803 41.121 44.587 48.195 51.935 55.798 59.771 63.838 67.979 72.169 76.380 80.574 84.711 88.743 92.613 96.264 99.631 102.648 105.248 107.366 108.943 109.928 110.278 109.966 108.979 107.318 105.002 102.068 98.565 94.557 90.118 85.330 80.280 75.055 69.741 64.419 59.162 54.036 49.095 44.384 39.936 35.774 31.911 28.353 25.099 22.141 19.466
2.159 2.306 2.498 2.742 3.043 3.409 3.848 4.366 4.972 5.675 6.482 7.402 8.444 9.615 10.925 12.380 13.987 15.753 17.684 19.783 22.056 24.505 27.132 29.939 32.925 36.091 39.434 42.953 46.644 50.501 54.518 58.685 62.988 67.412 71.934 76.527 81.156 85.780 90.349 94.806 99.088 103.124 106.839 110.158 113.004 115.305 116.993 118.014 118.324 117.896 116.718 114.800 112.167 108.865 104.954 100.509 95.617 90.368 84.861 79.190 73.450 67.727 62.098 56.631 51.382 46.394 41.699 37.320 33.267 29.542 26.142 23.056 20.270
2.973 3.070 3.215 3.415 3.676 4.006 4.412 4.904 5.488 6.175 6.972 7.888 8.933 10.115 11.442 12.923 14.566 16.376 18.361 20.527 22.878 25.418 28.152 31.082 34.211 37.540 41.070 44.800 48.729 52.853 57.168 61.663 66.325 71.137 76.073 81.102 86.183 91.268 96.299 101.208 105.921 110.356 114.427 118.046 121.129 123.593 125.367 126.391 126.621 126.032 124.618 122.395 119.399 115.684 111.325 106.408 101.030 95.297 89.314 83.186 77.013 70.887 64.888 59.086 53.536 48.281 43.352 38.767 34.535 30.654 27.119 23.915 21.026
4.274 4.293 4.363 4.490 4.682 4.947 5.294 5.731 6.267 6.911 7.673 8.562 9.587 10.758 12.083 13.571 15.230 17.068 19.093 21.312 23.730 26.353 29.187 32.237 35.508 39.003 42.725 46.677 50.859 55.269 59.903 64.753 69.803 75.035 80.419 85.918 91.485 97.062 102.582 107.965 113.125 117.967 122.392 126.303 129.604 132.204 134.029 135.015 135.119 134.320 132.618 130.039 126.630 122.458 117.610 112.186 106.297 100.057 93.585 86.992 80.384 73.858 67.497 61.370 55.532 50.025 44.875 40.099 35.702 31.679 28.020 24.710 21.728
6.295 6.201 6.158 6.174 6.259 6.420 6.669 7.013 7.463 8.029 8.720 9.547 10.519 11.647 12.939 14.406 16.056 17.898 19.941 22.192 24.660 27.352 30.276 33.439 36.848 40.509 44.429 48.612 53.060 57.775 62.752 67.983 73.452 79.135 85.000 91.003 97.087 103.185 109.217 115.091 120.707 125.956 130.728 134.912 138.403 141.104 142.935 143.833 143.757 142.692 140.647 137.658 133.786 129.112 123.737 117.775 111.350 104.589 97.618 90.558 83.520 76.603 69.891 63.454 57.346 51.604 46.252 41.302 36.756 32.606 28.838 25.433 22.368
9.332 9.081 8.880 8.739 8.668 8.677 8.776 8.978 9.292 9.729 10.301 11.019 11.892 12.932 14.150 15.556 17.159 18.970 20.998 23.254 25.747 28.486 31.482 34.745 38.283 42.108 46.227 50.648 55.376 60.413 65.756 71.394 77.310 83.477 89.854 96.391 103.020 109.662 116.223 122.598 128.671 134.319 139.418 143.846 147.489 150.245 152.030 152.782 152.466 151.074 148.626 145.172 140.786 135.567 129.629 123.103 116.124 108.831 101.360 93.837 86.378 79.084 72.041 65.314 58.955 52.999 47.466 42.363 37.687 33.426 29.564 26.077 22.942
13.735 13.282 12.873 12.521 12.237 12.033 11.923 11.920 12.034 12.280 12.670 13.216 13.929 14.823 15.909 17.199 18.703 20.435 22.404 24.624 27.104 29.859 32.901 36.242 39.895 43.874 48.189 52.852 57.868 63.242 68.969 75.038 81.428 88.106 95.023 102.119 109.316 116.518 123.618 130.494 137.014 143.041 148.438 153.070 156.816 159.570 161.246 161.787 161.164 159.380 156.468 152.492 147.545 141.739 135.209 128.096 120.552 112.724 104.757 96.782 88.919 81.269 73.916 66.924 60.341 54.196 48.505 43.270 38.484 34.131 30.191 26.637 23.444
19.884 19.186 18.520 17.901 17.344 16.863 16.475 16.193 16.035 16.013 16.143 16.440 16.918 17.590 18.471 19.573 20.912 22.499 24.349 26.477 28.895 31.621 34.670 38.057 41.800 45.914 50.415 55.315 60.623 66.342 72.468 78.986 85.871 93.081 100.560 108.234 116.011 123.780 131.417 138.782 145.728 152.102 157.753 162.538 166.326 169.010 170.507 170.764 169.763 167.517 164.078 159.527 153.972 147.545 140.396 132.684 124.568 116.210 107.758 99.351 91.106 83.127 75.493 68.265 61.486 55.180 49.357 44.015 39.141 34.715 30.714 27.108 23.869
28.142 27.169 26.207 25.273 24.386 23.565 22.827 22.193 21.680 21.306 21.090 21.049 21.201 21.562 22.148 22.977 24.064 25.426 27.080 29.043 31.333 33.970 36.973 40.361 44.156 48.377 53.042 58.165 63.758 69.823 76.354 83.331 90.722 98.478 106.529 114.788 123.146 131.477 139.635 147.465 154.801 161.475 167.323 172.193 175.951 178.488 179.726 179.620 178.164 175.388 171.360 166.180 159.977 152.900 145.115 136.795 128.113 119.236 110.320 101.505 92.909 84.632 76.750 69.320 62.377 55.940 50.014 44.590 39.651 35.173 31.128 27.486 24.214
38.789 37.536 36.260 34.982 33.725 32.511 31.364 30.307 29.362 28.552 27.900 27.427 27.155 27.104 27.296 27.750 28.486 29.527 30.892 32.603 34.683 37.154 40.042 43.371 47.166 51.450 56.244 61.566 67.426 73.825 80.754 88.188 96.086 104.387 113.008 121.845 130.771 139.640 148.289 156.540 164.213 171.123 177.095 181.971 185.614 187.916 188.807 188.254 186.265 182.889 178.214 172.358 165.472 157.722 149.292 140.366 131.130 121.756 112.403 103.212 94.301 85.764 77.673 70.077 63.005 56.470 50.470 44.990 40.010 35.500 31.430 27.767 24.477
51.944 50.442 48.869 47.250 45.611 43.981 42.386 40.855 39.417 38.100 36.930 35.937 35.145 34.583 34.276 34.249 34.529 35.141 36.113 37.471 39.244 41.461 44.152 47.347 51.075 55.364 60.239 65.718 71.812 78.519 85.826 93.701 102.090 110.919 120.090 129.479 138.940 148.307 157.393 166.005 173.941 181.006 187.014 191.801 195.231 197.201 197.652 196.563 193.963 189.919 184.540 177.967 170.370 161.935 152.859 143.340 133.570 123.728 113.974 104.448 95.263 86.509 78.249 70.527 63.364 56.765 50.722 45.214 40.216 35.696 31.619 27.950 24.655
67.483 65.811 64.004 62.092 60.103 58.071 56.029 54.010 52.049 50.180 48.437 46.854 45.466 44.304 43.403 42.796 42.514 42.592 43.064 43.964 45.328 47.192 49.593 52.568 56.151 60.376 65.269 70.851 77.131 84.106 91.754 100.033 108.878 118.199 127.879 137.774 147.716 157.516 166.967 175.855 183.963 191.081 197.019 201.608 204.715 206.248 206.157 204.444 201.153 196.376 190.245 182.921 174.595 165.471 155.759 145.667 135.394 125.122 115.011 105.195 95.783 86.857 78.474 70.668 63.452 56.824 50.769 45.261 40.270 35.760 31.693 28.034 24.747
84.974 83.262 81.338 79.233 76.981 74.617 72.180 69.708 67.241 64.821 62.490 60.288 58.257 56.440 54.876 53.610 52.681 52.134 52.010 52.355 53.211 54.626 56.644 59.309 62.664 66.746 71.586 77.206 83.612 90.798 98.732 107.363 116.611 126.366 136.492 146.822 157.166 167.310 177.027 186.084 194.249 201.301 207.044 211.312 213.977 214.958 214.224 211.795 207.738 202.169 195.242 187.143 178.079 168.272 157.943 147.309 136.573 125.917 115.497 105.443 95.856 86.808 78.349 70.502 63.272 56.651 50.615 45.134 40.173 35.692 31.654 28.020 24.754
103.646 102.072 100.201 98.062 95.690 93.123 90.403 87.574 84.680 81.769 78.891 76.094 73.429 70.946 68.697 66.734 65.109 63.876 63.090 62.804 63.076 63.961 65.515 67.791 70.839 74.702 79.416 85.003 91.468 98.798 106.952 115.866 125.443 135.554 146.040 156.711 167.352 177.727 187.588 196.684 204.769 211.616 217.025 220.835 222.929 223.240 221.757 218.522 213.627 207.213 199.457 190.567 180.767 170.293 159.378 148.243 137.091 126.103 115.430 105.193 95.484 86.367 77.879 70.035 62.831 56.251 50.264 44.836 39.928 35.497 31.504 27.909 24.675
122.413 121.192 119.584 117.616 115.321 112.739 109.911 106.883 103.706 100.433 97.117 93.816 90.588 87.495 84.598 81.959 79.643 77.717 76.247 75.301 74.948 75.256 76.294 78.124 80.806 84.391 88.916 94.406 100.864 108.267 116.568 125.685 135.504 145.875 156.615 167.511 178.323 188.793 198.652 207.635 215.484 221.969 226.892 230.098 231.485 231.005 228.668 224.541 218.743 211.439 202.830 193.143 182.620 171.507 160.044 148.456 136.943 125.682 114.815 104.454 94.680 85.545 77.077 69.279 62.140 55.633 49.725 44.375 39.541 35.178 31.245 27.703 24.514
139.960 139.320 138.206 136.643 134.660 132.292 129.580 126.572 123.317 119.873 116.297 112.655 109.011 105.434 101.998 98.776 95.844 93.283 91.172 89.594 88.632 88.368 88.884 90.254 92.548 95.823 100.123 105.471 111.868 119.285 127.660 136.898 146.866 157.390 168.266 179.255 190.094 200.503 210.198 218.898 226.341 232.295 236.569 239.019 239.560 238.167 234.875 229.778 223.020 214.792 205.316 194.839 183.615 171.901 159.938 147.952 136.140 124.668 113.669 103.244 93.462 84.362 75.960 68.250 61.211 54.811 49.008 43.759 39.018 34.740 30.882 27.405 24.271
154.888 155.035 154.640 153.717 152.290 150.387 148.045 145.308 142.227 138.856 135.258 131.499 127.652 123.792 120.001 116.363 112.966 109.903 107.269 105.161 103.676 102.911 102.961 103.914 105.848 108.830 112.907 118.103 124.413 131.803 140.198 149.485 159.511 170.082 180.970 191.912 202.623 212.806 222.162 230.402 237.260 242.509 245.967 247.508 247.069 244.647 240.307 234.170 226.406 217.231 206.888 195.638 183.748 171.478 159.072 146.751 134.703 123.086 112.020 101.592 91.857 82.842 74.551 66.969 60.064 53.798 48.126 42.999 38.370 34.191 30.421 27.019 23.951
165.891 166.983 167.487 167.407 166.757 165.557 163.837 161.633 158.993 155.968 152.620 149.015 145.230 141.344 137.445 133.628 129.989 126.634 123.671 121.210 119.363 118.242 117.954 118.600 120.268 123.031 126.940 132.019 138.260 145.616 154.001 163.286 173.298 183.821 194.603 205.361 215.793 225.584 234.427 242.027 248.122 252.494 254.976 255.463 253.916 250.363 244.895 237.661 228.861 218.731 207.533 195.540 183.028 170.258 157.472 144.883 132.669 120.973 109.903 99.531 89.897 81.016 72.878 65.458 58.719 52.614 47.094 42.107 37.604 33.539 29.868 26.552 23.557
171.943 174.060 175.573 176.475 176.768 176.462 175.577 174.142 172.194 169.781 166.959 163.794 160.359 156.738 153.022 149.310 145.708 142.331 139.298 136.730 134.754 133.493 133.067 133.586 135.149 137.832 141.689 146.743 152.978 160.339 168.726 177.990 187.941 198.342 208.920 219.374 229.386 238.632 246.797 253.590 258.757 262.093 263.453 262.757 259.994 255.224 248.567 240.201 230.352 219.275 207.249 194.558 181.480 168.275 155.178 142.391 130.081 118.375 107.364 97.104 87.621 78.917 70.970 63.745 57.198 51.276 45.927 41.096 36.734 32.792 29.230 26.009 23.095
172.461 175.586 178.124 180.057 181.375 182.078 182.173 181.679 180.624 179.047 176.997 174.534 171.729 168.663 165.428 162.127 158.869 155.776 152.975 150.597 148.779 147.652 147.348 147.983 149.662 152.465 156.444 161.619 167.966 175.419 183.860 193.126 203.005 213.241 223.546 233.601 243.078 251.647 258.995 264.837 268.933 271.100 271.217 269.235 265.174 259.127 251.245 241.735 230.846 218.853 206.045 192.713 179.136 165.569 152.236 139.327 126.991 115.341 104.449 94.355 85.071 76.583 68.860 61.859 55.526 49.807 44.643 39.981 35.769 31.961 28.516 25.396 22.570
167.391 171.408 174.887 177.801 180.129 181.858 182.986 183.519 183.476 182.885 181.787 180.234 178.290 176.034 173.553 170.950 168.337 165.837 163.582 161.711 160.363 159.679 159.794 160.829 162.892 166.060 170.384 175.874 182.496 190.169 198.761 208.089 217.923 227.991 237.986 247.581 256.441 264.235 270.658 275.438 278.356 279.254 278.043 274.707 269.301 261.951 252.841 242.204 230.311 217.452 203.928 190.030 176.034 162.185 148.698 135.743 123.455 111.925 101.209 91.332 82.288 74.052 66.582 59.827 53.728 48.225 43.260 38.777 34.724 31.056 27.733 24.721 21.988
157.220 161.928 166.174 169.922 173.144 175.817 177.928 179.476 180.466 180.918 180.862 180.343 179.416 178.154 176.639 174.971 173.261 171.631 170.213 169.148 168.578 168.646 169.485 171.220 173.951 177.754 182.669 188.695 195.785 203.841 212.712 222.196 232.046 241.972 251.658 260.768 268.964 275.925 281.355 285.003 286.678 286.251 283.670 278.954 272.197 263.557 253.251 241.538 228.706 215.061 200.906 186.532 172.209 158.171 144.614 131.695 119.525 108.179 97.695 88.079 79.313 71.360 64.168 57.678 51.827 46.553 41.795 37.497 33.610 30.087 26.892 23.991 21.356
142.897 148.036 152.807 157.168 161.086 164.531 167.485 169.935 171.881 173.332 174.310 174.850 175.001 174.827 174.406 173.832 173.210 172.661 172.314 172.307 172.781 173.875 175.720 178.431 182.105 186.803 192.555 199.343 207.101 215.711 225.003 234.755 244.702 254.541 263.945 272.575 280.099 286.204 290.615 293.106 293.517 291.757 287.810 281.736 273.666 263.793 252.364 239.659 225.986 211.658 196.980 182.240 167.696 153.567 140.033 127.231 115.252 104.153 93.951 84.640 76.186 68.541 61.646 55.437 49.846 44.808 40.264 36.157 32.438 29.065 26.001 23.214 20.679
125.688 130.975 135.993 140.701 145.063 149.048 152.630 155.795 158.533 160.849 162.758 164.288 165.480 166.392 167.095 167.677 168.239 168.896 169.772 170.999 172.713 175.044 178.116 182.033 186.877 192.695 199.496 207.244 215.850 225.173 235.020 245.151 255.280 265.095 274.260 282.439 289.308 294.569 297.972 299.323 298.495 295.438 290.177 282.812 273.513 262.506 250.064 236.490 222.103 207.222 192.151 177.168 162.520 148.409 134.996 122.395 110.680 99.887 90.018 81.049 72.937 65.623 59.043 53.126 47.803 43.008 38.681 34.768 31.220 27.998 25.067 22.397 19.965
106.991 112.153 117.144 121.925 126.460 130.721 134.680 138.321 141.632 144.614 147.278 149.647 151.759 153.664 155.430 157.139 158.885 160.778 162.935 165.481 168.542 172.238 176.678 181.952 188.123 195.219 203.224 212.078 221.665 231.820 242.326 252.920 263.302 273.147 282.118 289.883 296.129 300.581 303.016 303.275 301.271 296.994 290.513 281.968 271.564 259.560 246.253 231.962 217.016 201.735 186.417 171.332 156.707 142.729 129.536 117.223 105.844 95.416 85.926 77.336 69.593 62.631 56.378 50.763 45.714 41.165 37.058 33.340 29.965 26.895 24.098 21.546 19.219
88.151 92.959 97.681 102.285 106.740 111.019 115.100 118.965 122.605 126.020 129.220 132.227 135.076 137.815 140.508 143.233 146.079 149.151 152.557 156.414 160.836 165.929 171.787 178.481 186.050 194.498 203.783 213.814 224.449 235.495 246.710 257.809 268.479 278.385 287.190 294.569 300.227 303.914 305.438 304.678 301.588 296.200 288.625 279.043 267.692 254.859 240.862 226.032 210.703 195.192 179.789 164.749 150.283 136.555 123.685 111.746 100.774 90.768 81.700 73.524 66.174 59.580 53.667 48.360 43.590 39.290 35.405 31.882 28.680 25.763 23.100 20.668 18.445
70.308 74.594 78.865 83.094 87.258 91.335 95.308 99.165 102.899 106.514 110.021 113.445 116.819 120.194 123.632 127.207 131.007 135.130 139.678 144.757 150.469 156.906 164.143 172.226 181.173 190.958 201.510 212.709 224.380 236.304 248.212 259.802 270.745 280.702 289.338 296.340 301.433 304.396 305.070 303.374 299.303 292.932 284.412 273.958 261.840 248.367 233.873 218.698 203.175 187.615 172.294 157.452 143.280 129.922 117.475 105.994 95.496 85.966 77.363 69.629 62.694 56.484 50.920 45.928 41.439 37.390 33.726 30.400 27.371 24.606 22.079 19.766 17.650
54.298 57.967 61.671 65.393 69.117 72.829 76.517 80.177 83.807 87.416 91.022 94.651 98.343 102.148 106.131 110.366 114.938 119.941 125.472 131.626 138.493 146.148 154.645 164.010 174.232 185.255 196.979 209.250 221.867 234.580 247.097 259.099 270.246 280.197 288.624 295.228 299.759 302.024 301.903 299.353 294.411 287.192 277.884 266.734 254.038 240.124 225.334 210.013 194.487 179.058 163.987 149.494 135.748 122.873 110.945 100.000 90.039 81.033 72.931 65.666 59.166 53.351 48.145 43.473 39.268 35.470 32.028 28.898 26.042 23.430 21.038 18.845 16.837
40.621 43.643 46.735 49.887 53.089 56.336 59.624 62.955 66.337 69.784 73.321 76.981 80.808 84.858 89.198 93.903 99.060 104.758 111.088 118.136 125.981 134.680 144.267 154.743 166.070 178.165 190.894 204.075 217.475 230.820 243.799 256.076 267.306 277.148 285.285 291.439 295.383 296.960 296.085 292.754 287.045 279.111 269.170 257.499 244.412 230.251 215.363 200.089 184.746 169.621 154.958 140.953 127.755 115.467 104.144 93.805 84.436 75.995 68.425 61.652 55.601 50.192 45.348 40.999 37.080 33.534 30.314 27.379 24.696 22.237 19.980 17.909 16.008
29.456 31.860 34.352 36.930 39.591 42.337 45.172 48.106 51.154 54.340 57.694 61.258 65.083 69.230 73.769 78.781 84.350 90.565 97.511 105.267 113.896 123.441 133.916 145.296 157.518 170.469 183.987 197.861 211.831 225.602 238.844 251.213 262.360 271.954 279.689 285.311 288.622 289.499 287.895 283.845 277.462 268.933 258.506 246.477 233.178 218.953 204.150 189.101 174.111 159.447 145.331 131.938 119.395 107.782 97.137 87.461 78.728 70.886 63.870 57.605 52.013 47.016 42.538 38.513 34.880 31.586 28.587 25.848 23.337 21.031 18.910 16.960 15.167
20.727 22.580 24.528 26.574 28.724 30.984 33.367 35.889 38.575 41.455 44.568 47.963 51.698 55.839 60.464 65.655 71.497 78.078 85.477 93.764 102.990 113.183 124.334 136.398 149.284 162.854 176.917 191.237 205.532 219.489 232.766 245.014 255.889 265.069 272.269 277.259 279.875 280.027 277.707 272.985 266.010 256.995 246.213 233.976 220.621 206.497 191.942 177.275 162.784 148.714 135.264 122.586 110.784 99.916 90.004 81.034 72.967 65.745 59.298 53.550 48.422 43.838 39.726 36.024 32.675 29.631 26.853 24.307 21.968 19.815 17.830 16.001 14.318
14.179 15.569 17.055 18.643 20.343 22.170 24.142 26.282 28.620 31.196 34.056 37.256 40.860 44.942 49.582 54.866 60.880 67.709 75.427 84.094 93.751 104.406 116.034 128.565 141.886 155.832 170.191 184.703 199.070 212.963 226.037 237.944 248.347 256.940 263.464 267.718 269.570 268.968 265.937 260.585 253.087 243.683 232.662 220.347 207.077 193.194 179.025 164.872 151.000 137.631 124.940 113.054 102.055 91.981 82.838 74.598 67.214 60.622 54.749 49.518 44.852 40.677 36.928 33.545 30.476 27.679 25.118 22.765 20.596 18.594 16.745 15.038 13.463
