generation/Terrain_Generation/terrain_type/Mountain/Mountain_8Peaks_150Height_42Seed.asc
ncols         101
nrows         101
xllcorner     0.000
yllcorner     0.000
cellsize      10.000
NODATA_value  -9999.0
[rows 0 to 31 of 101, columns 0 to 72 of 101]
7.926 9.138 10.492 11.997 13.660 15.487 17.482 19.646 21.979 24.478 27.137 29.946 32.895 35.966 39.141 42.399 45.714 49.059 52.405 55.720 58.972 62.129 65.156 68.023 70.700 73.159 75.374 77.324 78.993 80.367 81.439 82.206 82.669 82.835 82.716 82.328 81.689 80.823 79.754 78.509 77.116 75.603 73.998 72.329 70.619 68.894 67.173 65.475 63.815 62.208 60.661 59.184 57.781 56.455 55.208 54.041 52.951 51.939 51.002 50.138 49.347 48.627 47.976 47.395 46.883 46.439 46.061 45.747 45.492 45.292 45.136 45.014 44.911
9.007 10.399 11.955 13.687 15.602 17.707 20.006 22.502 25.195 28.080 31.151 34.397 37.804 41.353 45.023 48.787 52.617 56.480 60.342 64.166 67.912 71.544 75.022 78.308 81.367 84.166 86.675 88.869 90.729 92.238 93.387 94.172 94.597 94.669 94.402 93.814 92.929 91.773 90.376 88.770 86.989 85.065 83.033 80.925 78.770 76.598 74.432 72.295 70.207 68.182 66.234 64.371 62.602 60.929 59.357 57.885 56.515 55.244 54.072 52.998 52.020 51.137 50.349 49.655 49.055 48.548 48.131 47.803 47.557 47.387 47.281 47.226 47.204
10.110 11.686 13.451 15.415 17.589 19.980 22.594 25.433 28.497 31.781 35.279 38.977 42.859 46.904 51.087 55.378 59.744 64.147 68.547 72.902 77.166 81.296 85.247 88.974 92.436 95.595 98.417 100.873 102.938 104.594 105.832 106.646 107.040 107.022 106.609 105.823 104.689 103.240 101.510 99.536 97.358 95.014 92.543 89.983 87.368 84.733 82.105 79.511 76.974 74.512 72.140 69.870 67.710 65.668 63.746 61.947 60.271 58.720 57.292 55.986 54.803 53.742 52.802 51.984 51.288 50.711 50.253 49.910 49.676 49.541 49.494 49.518 49.591
11.198 12.957 14.928 17.124 19.556 22.232 25.159 28.340 31.774 35.458 39.383 43.533 47.893 52.436 57.136 61.957 66.863 71.812 76.756 81.648 86.438 91.075 95.507 99.684 103.560 107.090 110.236 112.964 115.246 117.062 118.400 119.255 119.629 119.533 118.986 118.012 116.641 114.910 112.857 110.525 107.959 105.202 102.299 99.293 96.222 93.126 90.037 86.984 83.994 81.088 78.284 75.596 73.034 70.607 68.320 66.177 64.180 62.331 60.630 59.077 57.674 56.420 55.317 54.366 53.565 52.915 52.414 52.057 51.838 51.746 51.766 51.880 52.062
12.230 14.164 16.332 18.749 21.427 24.376 27.603 31.113 34.904 38.973 43.309 47.897 52.717 57.743 62.943 68.280 73.711 79.190 84.665 90.083 95.388 100.522 105.428 110.051 114.337 118.237 121.708 124.712 127.218 129.203 130.653 131.562 131.933 131.779 131.119 129.981 128.399 126.412 124.065 121.404 118.479 115.339 112.032 108.607 105.106 101.572 98.042 94.548 91.120 87.781 84.552 81.449 78.485 75.671 73.014 70.519 68.191 66.032 64.047 62.235 60.601 59.145 57.870 56.777 55.867 55.140 54.595 54.227 54.028 53.986 54.084 54.299 54.604
13.162 15.255 17.602 20.221 23.124 26.323 29.826 33.637 37.756 42.179 46.894 51.885 57.132 62.604 68.269 74.084 80.005 85.979 91.951 97.862 103.651 109.254 114.609 119.654 124.333 128.590 132.377 135.652 138.382 140.541 142.114 143.095 143.486 143.300 142.560 141.295 139.542 137.345 134.750 131.811 128.578 125.106 121.448 117.654 113.772 109.847 105.918 102.021 98.188 94.445 90.815 87.316 83.964 80.772 77.749 74.904 72.243 69.773 67.497 65.421 63.548 61.883 60.430 59.191 58.169 57.365 56.777 56.401 56.227 56.243 56.429 56.759 57.202
13.953 16.181 18.683 21.475 24.572 27.987 31.727 35.799 40.202 44.932 49.977 55.321 60.940 66.803 72.875 79.112 85.464 91.877 98.290 104.640 110.861 116.885 122.645 128.075 133.112 137.698 141.780 145.314 148.262 150.599 152.305 153.375 153.813 153.631 152.853 151.510 149.643 147.298 144.524 141.376 137.911 134.183 130.248 126.161 121.970 117.722 113.459 109.218 105.034 100.933 96.942 93.082 89.369 85.820 82.448 79.263 76.277 73.497 70.931 68.589 66.476 64.600 62.966 61.580 60.445 59.564 58.936 58.556 58.414 58.497 58.781 59.239 59.832
14.565 16.900 19.523 22.452 25.702 29.287 33.217 37.496 42.127 47.102 52.413 58.040 63.960 70.142 76.546 83.127 89.833 96.606 103.384 110.100 116.682 123.061 129.164 134.923 140.270 145.144 149.490 153.259 156.414 158.925 160.775 161.955 162.470 162.334 161.571 160.214 158.305 155.890 153.023 149.759 146.155 142.269 138.156 133.872 129.466 124.986 120.474 115.968 111.503 107.109 102.813 98.637 94.603 90.729 87.032 83.527 80.228 77.149 74.300 71.695 69.344 67.257 65.443 63.911 62.665 61.710 61.045 60.666 60.564 60.722 61.115 61.712 62.471
14.970 17.377 20.082 23.103 26.459 30.161 34.222 38.646 43.435 48.583 54.081 59.910 66.046 72.455 79.099 85.931 92.896 99.936 106.986 113.975 120.831 127.481 133.851 139.868 145.463 150.573 155.141 159.116 162.459 165.140 167.141 168.453 169.081 169.040 168.353 167.056 165.189 162.800 159.942 156.670 153.042 149.114 144.941 140.576 136.068 131.464 126.805 122.128 117.469 112.858 108.323 103.891 99.584 95.425 91.435 87.635 84.043 80.678 77.557 74.697 72.112 69.819 67.829 66.153 64.799 63.774 63.078 62.707 62.651 62.892 63.405 64.152 65.088
15.147 17.588 20.332 23.398 26.805 30.566 34.692 39.190 44.062 49.302 54.900 60.838 67.092 73.629 80.409 87.385 94.502 101.701 108.914 116.073 123.102 129.928 136.475 142.669 148.441 153.725 158.465 162.609 166.118 168.962 171.121 172.589 173.369 173.476 172.935 171.779 170.049 167.792 165.060 161.904 158.380 154.542 150.440 146.125 141.643 137.036 132.343 127.601 122.842 118.099 113.401 108.775 104.249 99.850 95.604 91.537 87.675 84.041 80.660 77.555 74.746 72.252 70.090 68.275 66.819 65.729 65.007 64.650 64.648 64.981 65.620 66.527 67.652
15.089 17.523 20.261 23.323 26.725 30.482 34.606 39.104 43.978 49.222 54.828 60.778 67.048 73.605 80.411 87.418 94.572 101.814 109.078 116.293 123.387 130.285 136.912 143.195 149.065 154.457 159.315 163.588 167.238 170.234 172.560 174.207 175.180 175.494 175.172 174.247 172.758 170.748 168.265 165.358 162.076 158.468 154.578 150.452 146.128 141.645 137.038 132.340 127.581 122.793 118.007 113.253 108.563 103.969 99.503 95.199 91.089 87.206 83.579 80.239 77.213 74.526 72.199 70.252 68.698 67.548 66.806 66.469 66.527 66.958 67.732 68.806 70.127
14.800 17.189 19.877 22.883 26.225 29.917 33.972 38.395 43.191 48.354 53.875 59.739 65.922 72.392 79.111 86.035 93.110 100.279 107.476 114.635 121.682 128.547 135.156 141.438 147.325 152.757 157.677 162.038 165.802 168.943 171.442 173.295 174.505 175.086 175.061 174.459 173.317 171.672 169.567 167.045 164.146 160.910 157.375 153.576 149.545 145.313 140.908 136.360 131.696 126.947 122.146 117.325 112.521 107.773 103.121 98.605 94.268 90.150 86.290 82.726 79.491 76.617 74.132 72.058 70.413 69.209 68.452 68.140 68.262 68.796 69.709 70.956 72.477
14.297 16.604 19.200 22.104 25.333 28.903 32.824 37.104 41.745 46.745 52.095 57.780 63.777 70.057 76.585 83.316 90.201 97.184 104.204 111.195 118.091 124.821 131.316 137.510 143.338 148.743 153.672 158.082 161.938 165.216 167.900 169.985 171.476 172.386 172.736 172.550 171.860 170.699 169.099 167.094 164.714 161.989 158.945 155.606 151.993 148.129 144.034 139.732 135.248 130.611 125.856 121.019 116.143 111.274 106.461 101.754 97.205 92.864 88.780 84.999 81.562 78.508 75.870 73.674 71.942 70.689 69.921 69.638 69.828 70.468 71.523 72.943 74.666
13.608 15.800 18.267 21.028 24.099 27.494 31.226 35.300 39.720 44.484 49.584 55.006 60.730 66.728 72.968 79.408 86.003 92.699 99.440 106.166 112.812 119.315 125.611 131.639 137.338 142.657 147.549 151.975 155.904 159.315 162.196 164.543 166.361 167.662 168.462 168.783 168.648 168.081 167.106 165.742 164.009 161.921 159.490 156.728 153.644 150.248 146.553 142.577 138.340 133.872 129.209 124.392 119.472 114.503 109.545 104.657 99.904 95.347 91.043 87.050 83.415 80.185 77.398 75.085 73.270 71.971 71.196 70.944 71.203 71.948 73.143 74.735 76.658
12.767 14.818 17.127 19.710 22.585 25.764 29.258 33.075 37.218 41.685 46.470 51.560 56.937 62.577 68.448 74.515 80.734 87.058 93.435 99.811 106.127 112.326 118.350 124.145 129.659 134.844 139.662 144.078 148.068 151.615 154.709 157.349 159.539 161.290 162.614 163.525 164.040 164.170 163.926 163.314 162.337 160.994 159.280 157.191 154.723 151.873 148.645 145.050 141.106 136.842 132.296 127.518 122.565 117.503 112.402 107.335 102.377 97.602 93.080 88.874 85.043 81.639 78.706 76.278 74.384 73.042 72.261 72.040 72.366 73.214 74.545 76.303 78.418
11.816 13.706 15.833 18.215 20.864 23.795 27.018 30.539 34.362 38.486 42.906 47.611 52.585 57.806 63.247 68.876 74.655 80.541 86.488 92.449 98.372 104.207 109.905 115.418 120.703 125.720 130.438 134.830 138.878 142.569 145.897 148.864 151.472 153.729 155.644 157.222 158.469 159.383 159.961 160.192 160.060 159.545 158.625 157.279 155.486 153.231 150.509 147.324 143.691 139.641 135.217 130.475 125.483 120.318 115.064 109.807 104.637 99.637 94.890 90.469 86.441 82.863 79.785 77.246 75.274 73.890 73.102 72.910 73.301 74.246 75.704 77.618 79.913
10.796 12.513 14.446 16.608 19.015 21.677 24.605 27.805 31.280 35.031 39.054 43.338 47.872 52.635 57.605 62.753 68.047 73.450 78.923 84.425 89.914 95.346 100.682 105.882 110.912 115.743 120.350 124.715 128.826 132.677 136.265 139.593 142.663 145.480 148.044 150.354 152.402 154.171 155.641 156.781 157.556 157.926 157.848 157.282 156.192 154.551 152.343 149.566 146.235 142.384 138.061 133.332 128.277 122.986 117.556 112.091 106.690 101.454 96.472 91.831 87.603 83.852 80.630 77.980 75.932 74.506 73.711 73.545 73.993 75.026 76.601 78.657 81.117
9.751 11.290 13.021 14.958 17.113 19.498 22.120 24.987 28.102 31.466 35.075 38.922 42.996 47.281 51.759 56.404 61.191 66.089 71.066 76.088 81.122 86.133 91.090 95.965 100.733 105.374 109.873 114.221 118.411 122.445 126.322 130.047 133.621 137.044 140.309 143.402 146.303 148.978 151.386 153.477 155.193 156.471 157.250 157.470 157.078 156.035 154.317 151.918 148.854 145.161 140.897 136.140 130.981 125.527 119.891 114.189 108.538 103.048 97.822 92.953 88.523 84.598 81.234 78.475 76.352 74.884 74.080 73.935 74.433 75.543 77.220 79.400 82.004
8.717 10.079 11.610 13.323 15.229 17.337 19.655 22.190 24.945 27.922 31.117 34.527 38.141 41.947 45.931 50.072 54.351 58.742 63.221 67.763 72.342 76.933 81.517 86.073 90.588 95.052 99.460 103.810 108.104 112.349 116.548 120.706 124.822 128.890 132.894 136.809 140.596 144.205 147.573 150.627 153.287 155.468 157.086 158.063 158.331 157.840 156.559 154.480 151.620 148.024 143.759 138.916 133.603 127.940 122.059 116.090 110.165 104.405 98.925 93.825 89.190 85.093 81.591 78.726 76.531 75.021 74.205 74.075 74.613 75.787 77.548 79.832 82.556
7.728 8.919 10.259 11.756 13.421 15.263 17.288 19.503 21.911 24.514 27.310 30.296 33.465 36.808 40.313 43.967 47.754 51.656 55.655 59.734 63.877 68.070 72.300 76.560 80.847 85.160 89.504 93.886 98.317 102.806 107.361 111.986 116.676 121.420 126.190 130.946 135.634 140.181 144.505 148.507 152.084 155.128 157.536 159.210 160.070 160.056 159.132 157.290 154.554 150.976 146.637 141.642 136.115 130.196 124.029 117.764 111.543 105.501 99.760 94.427 89.591 85.327 81.692 78.728 76.464 74.914 74.083 73.962 74.530 75.752 77.578 79.943 82.761
6.807 7.840 9.001 10.297 11.737 13.330 15.081 16.997 19.080 21.332 23.754 26.343 29.095 32.003 35.061 38.258 41.584 45.029 48.581 52.232 55.974 59.802 63.715 67.715 71.810 76.009 80.327 84.779 89.382 94.151 99.095 104.216 109.507 114.945 120.492 126.093 131.673 137.141 142.389 147.295 151.733 155.573 158.691 160.975 162.333 162.696 162.029 160.326 157.618 153.970 149.476 144.259 138.460 132.235 125.748 119.161 112.629 106.298 100.296 94.736 89.708 85.288 81.530 78.476 76.149 74.562 73.716 73.598 74.184 75.439 77.309 79.728 82.611
5.973 6.863 7.860 8.973 10.210 11.576 13.079 14.721 16.508 18.442 20.522 22.750 25.121 27.635 30.285 33.067 35.976 39.007 42.158 45.425 48.812 52.322 55.963 59.750 63.698 67.828 72.163 76.726 81.540 86.622 91.984 97.625 103.531 109.670 115.991 122.420 128.865 135.210 141.325 147.065 152.281 156.822 160.547 163.330 165.070 165.695 165.170 163.496 160.715 156.904 152.176 146.670 140.545 133.976 127.142 120.217 113.370 106.753 100.500 94.725 89.522 84.962 81.098 77.965 75.586 73.968 73.106 72.986 73.580 74.850 76.743 79.191 82.107
5.236 5.998 6.852 7.803 8.859 10.025 11.306 12.707 14.231 15.881 17.659 19.566 21.601 23.764 26.054 28.470 31.012 33.682 36.482 39.420 42.505 45.749 49.173 52.797 56.649 60.758 65.156 69.871 74.932 80.359 86.162 92.337 98.861 105.693 112.765 119.987 127.245 134.402 141.304 147.785 153.672 158.798 163.005 166.159 168.152 168.912 168.408 166.651 163.696 159.636 154.601 148.748 142.257 135.317 128.121 120.858 113.703 106.816 100.332 94.368 89.013 84.337 80.388 77.196 74.777 73.135 72.259 72.133 72.724 73.994 75.888 78.337 81.256
4.598 5.250 5.979 6.791 7.690 8.683 9.772 10.964 12.261 13.666 15.183 16.812 18.556 20.417 22.397 24.500 26.729 29.092 31.599 34.264 37.103 40.139 43.400 46.916 50.724 54.860 59.363 64.269 69.609 75.404 81.661 88.372 95.504 103.003 110.787 118.746 126.746 134.627 142.215 149.320 155.754 161.331 165.884 169.269 171.379 172.144 171.542 169.595 166.374 161.989 156.589 150.349 143.467 136.146 128.593 121.006 113.567 106.439 99.758 93.639 88.166 83.405 79.398 76.169 73.728 72.071 71.186 71.050 71.629 72.883 74.756 77.180 80.070
4.058 4.617 5.241 5.934 6.701 7.547 8.475 9.489 10.594 11.793 13.088 14.484 15.983 17.590 19.311 21.152 23.123 25.235 27.505 29.953 32.604 35.487 38.640 42.100 45.911 50.119 54.767 59.896 65.537 71.713 78.426 85.660 93.374 101.498 109.935 118.556 127.206 135.705 143.858 151.457 158.297 164.181 168.934 172.409 174.501 175.147 174.335 172.104 168.539 163.772 157.967 151.321 144.043 136.352 128.466 120.589 112.906 105.580 98.748 92.518 86.970 82.163 78.130 74.890 72.446 70.788 69.898 69.751 70.311 71.534 73.365 75.738 78.571
3.609 4.091 4.628 5.223 5.880 6.604 7.398 8.266 9.212 10.240 11.353 12.556 13.854 15.254 16.764 18.394 20.158 22.072 24.159 26.444 28.959 31.743 34.837 38.288 42.146 46.463 51.287 56.660 62.615 69.172 76.328 84.058 92.310 101.000 110.012 119.201 128.392 137.386 145.969 153.919 161.017 167.059 171.865 175.291 177.237 177.650 176.534 173.941 169.978 164.793 158.569 151.518 143.864 135.838 127.662 119.545 111.674 104.210 97.283 90.996 85.423 80.613 76.592 73.370 70.944 69.299 68.413 68.254 68.787 69.966 71.737 74.036 76.782
3.241 3.661 4.127 4.642 5.210 5.836 6.521 7.271 8.088 8.977 9.943 10.992 12.129 13.364 14.707 16.172 17.776 19.540 21.492 23.663 26.091 28.820 31.899 35.381 39.321 43.775 48.794 54.422 60.690 67.614 75.184 83.366 92.095 101.272 110.767 120.414 130.021 139.374 148.242 156.392 163.598 169.649 174.369 177.617 179.303 179.389 177.892 174.886 170.492 164.879 158.247 150.819 142.833 134.525 126.123 117.835 109.847 102.313 95.359 89.077 83.533 78.767 74.797 71.626 69.242 67.625 66.749 66.580 67.080 68.203 69.898 72.100 74.734
2.944 3.314 3.723 4.175 4.672 5.219 5.818 6.473 7.188 7.968 8.818 9.745 10.757 11.864 13.079 14.419 15.905 17.562 19.421 21.520 23.901 26.614 29.712 33.255 37.301 41.909 47.130 53.010 59.576 66.836 74.776 83.349 92.478 102.050 111.917 121.898 131.787 141.353 150.357 158.557 165.721 171.642 176.146 179.102 180.434 180.118 178.191 174.744 169.916 163.892 156.887 149.136 140.882 132.367 123.819 115.443 107.419 99.895 92.985 86.774 81.318 76.646 72.768 69.678 67.360 65.787 64.930 64.752 65.214 66.273 67.876 69.962 72.460
2.706 3.036 3.401 3.803 4.245 4.730 5.261 5.842 6.478 7.173 7.934 8.768 9.684 10.695 11.815 13.065 14.467 16.052 17.853 19.913 22.279 25.004 28.148 31.771 35.936 40.702 46.121 52.235 59.068 66.621 74.870 83.759 93.196 103.054 113.171 123.354 133.381 143.014 152.004 160.106 167.089 172.751 176.927 179.499 180.405 179.640 177.259 173.370 168.131 161.740 154.422 146.421 137.984 129.353 120.752 112.381 104.411 96.980 90.191 84.120 78.809 74.279 70.533 67.556 65.326 63.812 62.981 62.796 63.218 64.202 65.700 67.655 69.999
2.516 2.816 3.146 3.509 3.907 4.345 4.824 5.349 5.924 6.555 7.248 8.011 8.857 9.797 10.850 12.037 13.384 14.924 16.695 18.741 21.115 23.873 27.076 30.789 35.074 39.990 45.588 51.906 58.961 66.749 75.233 84.347 93.988 104.015 114.253 124.498 134.520 144.072 152.904 160.771 167.448 172.740 176.496 178.614 179.048 177.814 174.982 170.678 165.076 158.383 150.834 142.675 134.155 125.509 116.958 108.690 100.866 93.613 87.022 81.155 76.045 71.705 68.127 65.290 63.168 61.726 60.929 60.739 61.117 62.021 63.404 65.214 67.387
2.364 2.640 2.943 3.276 3.642 4.043 4.482 4.965 5.494 6.076 6.719 7.432 8.226 9.117 10.123 11.269 12.582 14.098 15.858 17.909 20.305 23.106 26.374 30.174 34.568 39.615 45.361 51.839 59.061 67.011 75.646 84.886 94.617 104.688 114.915 125.083 134.958 144.290 152.831 160.340 166.602 171.436 174.704 176.323 176.267 174.567 171.313 166.646 160.750 153.841 146.158 137.946 129.450 120.900 112.502 104.437 96.851 89.857 83.535 77.934 73.077 68.966 65.588 62.916 60.919 59.560 58.803 58.609 58.941 59.759 61.020 62.674 64.665
2.242 2.499 2.782 3.092 3.432 3.805 4.215 4.665 5.160 5.707 6.313 6.989 7.747 8.604 9.580 10.700 11.995 13.501 15.263 17.328 19.753 22.598 25.927 29.802 34.287 39.434 45.287 51.871 59.191 67.224 75.915 85.175 94.880 104.870 114.953 124.910 134.504 143.489 151.620 158.668 164.429 168.738 171.476 172.578 172.037 169.902 166.279 161.319 155.216 148.191 140.480 132.328 123.968 115.621 107.481 99.713 92.451 85.791 79.801 74.519 69.958 66.111 62.959 60.471 58.611 57.343 56.630 56.433 56.718 57.446 58.578 60.070 61.870
