generation/Terrain_Generation/terrain_type/Mountain/Mountain_5Peaks_200Height_0Seed_debug.asc
ncols         101
nrows         101
xllcorner     0.000
yllcorner     0.000
cellsize      10.000
NODATA_value  -9999.0
[rows 33 to 65 of 101, columns 0 to 72 of 101]
0.051 0.063 0.078 0.097 0.123 0.156 0.200 0.259 0.338 0.447 0.594 0.795 1.066 1.431 1.919 2.566 3.415 4.519 5.937 7.738 9.997 12.793 16.209 20.325 25.215 30.942 37.548 45.052 53.441 62.664 72.628 83.198 94.192 105.388 116.526 127.322 137.473 146.677 154.641 161.105 165.846 168.699 169.564 168.409 165.277 160.280 153.591 145.440 136.095 125.850 115.011 103.879 92.738 81.846 71.421 61.646 52.656 44.548 37.378 31.170 25.920 21.603 18.180 15.605 13.826 12.791 12.453 12.763 13.679 15.155 17.146 19.601 22.461
0.059 0.073 0.090 0.112 0.141 0.178 0.228 0.294 0.382 0.501 0.661 0.878 1.170 1.560 2.078 2.761 3.653 4.806 6.279 8.139 10.460 13.319 16.793 20.957 25.879 31.613 38.192 45.625 53.887 62.917 72.615 82.836 93.395 104.067 114.598 124.708 134.110 142.517 149.659 155.299 159.242 161.351 161.550 159.833 156.263 150.965 144.124 135.970 126.770 116.806 106.371 95.744 85.190 74.941 65.194 56.105 47.792 40.332 33.765 28.104 23.336 19.429 16.343 14.028 12.434 11.511 11.213 11.496 12.322 13.649 15.438 17.643 20.214
0.068 0.084 0.104 0.129 0.161 0.203 0.258 0.331 0.428 0.557 0.731 0.963 1.274 1.686 2.231 2.944 3.870 5.059 6.571 8.470 10.827 13.714 17.204 21.365 26.258 31.927 38.396 45.664 53.697 62.426 71.742 81.495 91.500 101.536 111.353 120.686 129.263 136.818 143.106 147.915 151.079 152.487 152.090 149.903 146.004 140.531 133.672 125.656 116.740 107.194 97.289 87.286 77.423 67.907 58.911 50.570 42.980 36.200 30.260 25.159 20.879 17.384 14.631 12.572 11.157 10.341 10.079 10.333 11.068 12.247 13.836 15.797 18.083
0.079 0.097 0.119 0.148 0.184 0.231 0.292 0.371 0.477 0.616 0.802 1.049 1.376 1.808 2.374 3.111 4.062 5.276 6.810 8.726 11.091 13.971 17.435 21.544 26.348 31.884 38.166 45.184 52.896 61.225 70.058 79.244 88.599 97.909 106.935 115.427 123.133 129.810 135.240 139.239 141.668 142.442 141.534 138.979 134.866 129.342 122.593 114.843 106.335 97.322 88.054 78.766 69.670 60.951 52.755 45.195 38.350 32.263 26.951 22.408 18.608 15.514 13.083 11.267 10.021 9.302 9.070 9.291 9.933 10.967 12.361 14.083 16.095
0.090 0.111 0.136 0.168 0.209 0.261 0.327 0.414 0.528 0.678 0.875 1.135 1.477 1.925 2.508 3.261 4.227 5.453 6.992 8.904 11.250 14.091 17.489 21.497 26.157 31.498 37.524 44.217 51.529 59.377 67.646 76.187 84.820 93.341 101.526 109.143 115.961 121.765 126.362 129.595 131.352 131.573 130.251 127.435 123.224 117.766 111.244 103.871 95.874 87.486 78.932 70.423 62.146 54.257 46.883 40.115 34.014 28.612 23.915 19.911 16.570 13.857 11.727 10.137 9.044 8.410 8.200 8.383 8.932 9.822 11.027 12.520 14.267
0.103 0.126 0.155 0.191 0.236 0.293 0.366 0.460 0.582 0.742 0.950 1.221 1.575 2.036 2.631 3.394 4.365 5.590 7.119 9.006 11.307 14.079 17.374 21.239 25.707 30.799 36.511 42.818 49.665 56.969 64.615 72.456 80.321 88.018 95.341 102.077 108.019 112.978 116.789 119.320 120.486 120.246 118.611 115.640 111.440 106.154 99.960 93.055 85.649 77.951 70.164 62.470 55.033 47.984 41.429 35.440 30.064 25.320 21.209 17.713 14.802 12.439 10.585 9.198 8.240 7.676 7.478 7.617 8.072 8.822 9.845 11.118 12.615
0.117 0.143 0.175 0.215 0.265 0.328 0.408 0.509 0.640 0.808 1.026 1.308 1.672 2.142 2.743 3.510 4.478 5.691 7.194 9.037 11.271 13.946 17.107 20.793 25.030 29.828 35.181 41.055 47.393 54.110 61.093 68.204 75.281 82.146 88.612 94.487 99.590 103.756 106.846 108.755 109.418 108.814 106.967 103.943 99.850 94.828 89.042 82.674 75.913 68.946 61.949 55.082 48.481 42.258 36.497 31.255 26.567 22.442 18.876 15.848 13.327 11.281 9.670 8.460 7.615 7.107 6.909 6.999 7.360 7.973 8.822 9.887 11.148
0.133 0.162 0.198 0.242 0.297 0.366 0.452 0.561 0.700 0.877 1.104 1.395 1.768 2.243 2.848 3.611 4.568 5.758 7.223 9.007 11.155 13.711 16.712 20.191 24.165 28.639 33.600 39.010 44.811 50.918 57.224 63.598 69.891 75.940 81.577 86.634 90.954 94.396 96.846 98.221 98.476 97.604 95.640 92.655 88.753 84.066 78.748 72.962 66.877 60.655 54.449 48.394 42.605 37.172 32.163 27.621 23.569 20.013 16.941 14.333 12.160 10.390 8.990 7.928 7.175 6.704 6.496 6.532 6.797 7.277 7.960 8.830 9.869
0.150 0.183 0.223 0.272 0.332 0.407 0.500 0.617 0.764 0.950 1.186 1.485 1.863 2.342 2.946 3.701 4.640 5.799 7.214 8.926 10.974 13.394 16.217 19.468 23.160 27.291 31.841 36.773 42.027 47.522 53.155 58.807 64.340 69.611 74.469 78.770 82.378 85.177 87.075 88.009 87.950 86.903 84.908 82.039 78.394 74.097 69.286 64.105 58.702 53.218 47.781 42.504 37.482 32.788 28.474 24.572 21.098 18.050 15.417 13.177 11.305 9.771 8.546 7.604 6.918 6.469 6.239 6.215 6.383 6.735 7.260 7.946 8.779
0.169 0.205 0.250 0.304 0.370 0.452 0.552 0.677 0.832 1.027 1.270 1.576 1.960 2.441 3.040 3.784 4.700 5.821 7.180 8.811 10.747 13.020 15.654 18.668 22.067 25.846 29.982 34.437 39.151 44.047 49.031 53.994 58.812 63.359 67.504 71.123 74.102 76.347 77.785 78.370 78.086 76.947 74.996 72.306 68.969 65.096 60.809 56.236 51.502 46.727 42.019 37.470 33.158 29.139 25.453 22.125 19.161 16.559 14.305 12.380 10.760 9.420 8.335 7.483 6.843 6.399 6.136 6.046 6.118 6.345 6.720 7.233 7.875
0.189 0.230 0.279 0.339 0.411 0.500 0.608 0.741 0.905 1.108 1.360 1.672 2.060 2.541 3.134 3.863 4.754 5.833 7.131 8.676 10.496 12.617 15.058 17.831 20.938 24.369 28.100 32.091 36.287 40.615 44.989 49.311 53.473 57.364 60.872 63.892 66.332 68.114 69.183 69.507 69.079 67.921 66.076 63.613 60.615 57.182 53.419 49.437 45.342 41.234 37.201 33.318 29.647 26.232 23.102 20.274 17.753 15.531 13.598 11.933 10.518 9.331 8.352 7.562 6.945 6.489 6.184 6.021 5.996 6.102 6.334 6.687 7.151
0.211 0.256 0.311 0.376 0.456 0.551 0.668 0.809 0.982 1.194 1.455 1.774 2.166 2.646 3.233 3.946 4.809 5.846 7.080 8.538 10.242 12.212 14.462 17.000 19.824 22.921 26.266 29.821 33.532 37.335 41.151 44.893 48.468 51.779 54.733 57.243 59.232 60.641 61.428 61.571 61.072 59.955 58.263 56.058 53.417 50.423 47.170 43.749 40.250 36.753 33.331 30.045 26.941 24.054 21.405 19.006 16.857 14.952 13.280 11.824 10.568 9.495 8.589 7.835 7.220 6.737 6.379 6.139 6.014 6.002 6.099 6.300 6.599
0.235 0.285 0.345 0.417 0.503 0.607 0.732 0.883 1.066 1.287 1.556 1.883 2.279 2.759 3.339 4.038 4.874 5.868 7.041 8.415 10.006 11.831 13.899 16.215 18.773 21.558 24.547 27.701 30.972 34.301 37.619 40.849 43.912 46.726 49.212 51.299 52.926 54.047 54.630 54.664 54.155 53.127 51.622 49.694 47.410 44.844 42.072 39.171 36.214 33.268 30.388 27.624 25.012 22.577 20.334 18.292 16.450 14.800 13.334 12.038 10.898 9.902 9.038 8.294 7.663 7.138 6.716 6.392 6.167 6.039 6.006 6.064 6.211
0.261 0.316 0.382 0.461 0.555 0.667 0.802 0.963 1.156 1.387 1.666 2.000 2.402 2.883 3.458 4.143 4.954 5.909 7.026 8.321 9.807 11.498 13.399 15.511 17.826 20.330 22.998 25.795 28.677 31.590 34.476 37.267 39.896 42.294 44.397 46.146 47.494 48.404 48.855 48.841 48.371 47.468 46.170 44.526 42.591 40.429 38.102 35.673 33.200 30.738 28.330 26.015 23.819 21.762 19.855 18.102 16.503 15.051 13.739 12.557 11.495 10.542 9.691 8.935 8.268 7.687 7.191 6.779 6.451 6.208 6.048 5.972 5.976
0.289 0.350 0.422 0.508 0.610 0.732 0.876 1.048 1.252 1.495 1.785 2.128 2.537 3.021 3.594 4.268 5.058 5.980 7.046 8.270 9.664 11.235 12.987 14.918 17.020 19.277 21.665 24.152 26.699 29.259 31.780 34.206 36.479 38.542 40.342 41.833 42.977 43.746 44.126 44.114 43.721 42.968 41.889 40.524 38.922 37.132 35.208 33.198 31.151 29.107 27.102 25.164 23.313 21.565 19.926 18.401 16.988 15.682 14.477 13.368 12.346 11.405 10.541 9.750 9.030 8.380 7.801 7.293 6.860 6.501 6.220 6.014 5.883
0.319 0.386 0.465 0.559 0.670 0.801 0.956 1.140 1.356 1.612 1.913 2.268 2.686 3.176 3.749 4.417 5.192 6.086 7.110 8.276 9.591 11.060 12.684 14.461 16.381 18.428 20.580 22.808 25.077 27.347 29.571 31.703 33.694 35.498 37.071 38.376 39.383 40.071 40.431 40.461 40.173 39.586 38.727 37.632 36.338 34.887 33.321 31.679 29.998 28.309 26.640 25.013 23.442 21.939 20.509 19.154 17.875 16.668 15.528 14.454 13.439 12.483 11.582 10.736 9.946 9.213 8.541 7.932 7.389 6.915 6.512 6.181 5.922
0.351 0.424 0.510 0.612 0.733 0.875 1.042 1.238 1.468 1.738 2.053 2.421 2.850 3.349 3.927 4.594 5.359 6.234 7.227 8.347 9.598 10.985 12.506 14.157 15.928 17.804 19.765 21.785 23.832 25.872 27.865 29.771 31.551 33.165 34.579 35.761 36.690 37.348 37.729 37.833 37.670 37.256 36.614 35.773 34.762 33.614 32.362 31.037 29.666 28.274 26.881 25.504 24.154 22.839 21.564 20.331 19.139 17.988 16.877 15.803 14.767 13.768 12.808 11.888 11.012 10.184 9.409 8.690 8.033 7.441 6.918 6.465 6.082
0.385 0.464 0.558 0.670 0.800 0.954 1.133 1.343 1.588 1.873 2.205 2.588 3.032 3.543 4.130 4.801 5.565 6.430 7.403 8.490 9.695 11.019 12.461 14.016 15.672 17.417 19.232 21.092 22.971 24.838 26.661 28.405 30.037 31.524 32.838 33.954 34.853 35.524 35.959 36.161 36.136 35.898 35.466 34.860 34.104 33.225 32.246 31.190 30.079 28.931 27.762 26.582 25.401 24.224 23.057 21.900 20.756 19.625 18.507 17.405 16.320 15.256 14.215 13.203 12.226 11.290 10.401 9.565 8.788 8.075 7.430 6.856 6.353
0.420 0.507 0.610 0.730 0.872 1.037 1.231 1.456 1.717 2.019 2.368 2.770 3.231 3.759 4.360 5.042 5.811 6.675 7.640 8.709 9.885 11.168 12.556 14.042 15.618 17.269 18.979 20.727 22.488 24.237 25.945 27.583 29.123 30.538 31.804 32.901 33.813 34.530 35.047 35.363 35.486 35.423 35.189 34.801 34.276 33.632 32.888 32.061 31.166 30.216 29.223 28.195 27.138 26.058 24.957 23.840 22.708 21.563 20.410 19.252 18.093 16.940 15.800 14.678 13.585 12.527 11.514 10.552 9.649 8.811 8.042 7.346 6.724
0.458 0.552 0.663 0.794 0.947 1.126 1.333 1.575 1.853 2.175 2.544 2.967 3.449 3.997 4.617 5.316 6.099 6.972 7.940 9.005 10.170 11.432 12.790 14.236 15.762 17.355 19.000 20.678 22.368 24.046 25.689 27.272 28.770 30.160 31.423 32.541 33.500 34.292 34.910 35.355 35.629 35.739 35.694 35.507 35.188 34.752 34.211 33.577 32.860 32.070 31.215 30.299 29.329 28.308 27.240 26.129 24.978 23.792 22.576 21.336 20.081 18.819 17.559 16.311 15.086 13.893 12.744 11.647 10.611 9.643 8.747 7.928 7.188
0.497 0.599 0.719 0.861 1.026 1.218 1.442 1.700 1.998 2.340 2.732 3.178 3.684 4.257 4.902 5.624 6.428 7.320 8.303 9.378 10.548 11.809 13.159 14.591 16.097 17.665 19.280 20.927 22.586 24.237 25.859 27.429 28.928 30.335 31.632 32.805 33.839 34.728 35.465 36.048 36.477 36.757 36.893 36.891 36.761 36.509 36.144 35.674 35.105 34.443 33.693 32.858 31.943 30.951 29.886 28.752 27.555 26.300 24.997 23.653 22.279 20.887 19.489 18.097 16.725 15.385 14.088 12.847 11.669 10.564 9.538 8.593 7.734
0.538 0.648 0.778 0.930 1.108 1.315 1.555 1.832 2.151 2.515 2.931 3.403 3.937 4.539 5.213 5.964 6.798 7.718 8.726 9.825 11.014 12.292 13.655 15.097 16.610 18.182 19.800 21.450 23.114 24.775 26.414 28.010 29.546 31.004 32.367 33.621 34.756 35.761 36.630 37.360 37.948 38.396 38.705 38.879 38.921 38.836 38.627 38.298 37.852 37.293 36.622 35.842 34.956 33.967 32.879 31.697 30.429 29.083 27.668 26.198 24.684 23.143 21.588 20.035 18.500 16.998 15.542 14.145 12.818 11.570 10.407 9.334 8.354
0.580 0.699 0.839 1.003 1.194 1.416 1.674 1.970 2.310 2.699 3.141 3.642 4.207 4.841 5.549 6.335 7.205 8.161 9.206 10.340 11.564 12.875 14.270 15.743 17.285 18.887 20.536 22.219 23.920 25.623 27.310 28.965 30.569 32.106 33.562 34.923 36.177 37.315 38.329 39.214 39.965 40.581 41.060 41.402 41.607 41.676 41.608 41.404 41.063 40.587 39.976 39.229 38.350 37.341 36.208 34.956 33.593 32.132 30.585 28.966 27.292 25.580 23.850 22.119 20.405 18.726 17.099 15.536 14.051 12.652 11.348 10.143 9.040
0.623 0.751 0.901 1.077 1.282 1.521 1.796 2.113 2.476 2.890 3.361 3.893 4.491 5.161 5.907 6.735 7.647 8.647 9.736 10.917 12.188 13.547 14.991 16.513 18.105 19.760 21.464 23.206 24.971 26.743 28.506 30.246 31.944 33.586 35.158 36.646 38.038 39.324 40.495 41.543 42.463 43.250 43.899 44.406 44.769 44.984 45.047 44.957 44.709 44.301 43.733 43.003 42.112 41.064 39.864 38.520 37.042 35.444 33.741 31.952 30.096 28.195 26.269 24.342 22.434 20.565 18.753 17.014 15.361 13.805 12.354 11.013 9.783
0.668 0.804 0.965 1.154 1.373 1.628 1.922 2.260 2.648 3.089 3.589 4.154 4.788 5.498 6.286 7.159 8.119 9.170 10.313 11.549 12.878 14.297 15.804 17.391 19.052 20.778 22.558 24.380 26.231 28.096 29.959 31.807 33.622 35.391 37.099 38.732 40.279 41.727 43.067 44.290 45.387 46.350 47.173 47.847 48.367 48.725 48.916 48.932 48.767 48.418 47.880 47.151 46.232 45.127 43.841 42.384 40.769 39.011 37.131 35.149 33.090 30.978 28.839 26.698 24.579 22.505 20.496 18.569 16.740 15.020 13.416 11.934 10.576
0.713 0.859 1.031 1.232 1.466 1.737 2.051 2.411 2.823 3.293 3.824 4.424 5.097 5.848 6.682 7.604 8.617 9.724 10.927 12.227 13.624 15.114 16.695 18.361 20.106 21.920 23.793 25.714 27.670 29.646 31.630 33.605 35.558 37.472 39.334 41.131 42.849 44.475 45.998 47.407 48.692 49.841 50.844 51.691 52.371 52.875 53.191 53.310 53.224 52.924 52.406 51.666 50.704 49.523 48.132 46.541 44.766 42.827 40.746 38.549 36.264 33.921 31.548 29.175 26.829 24.536 22.318 20.194 18.180 16.289 14.527 12.901 11.411
0.759 0.914 1.097 1.311 1.560 1.849 2.182 2.565 3.003 3.501 4.065 4.701 5.413 6.209 7.091 8.065 9.135 10.304 11.573 12.944 14.415 15.986 17.651 19.408 21.248 23.163 25.143 27.179 29.256 31.362 33.482 35.603 37.710 39.788 41.823 43.800 45.705 47.525 49.247 50.858 52.343 53.690 54.884 55.913 56.761 57.415 57.859 58.082 58.070 57.814 57.306 56.541 55.520 54.246 52.729 50.982 49.025 46.880 44.574 42.139 39.607 37.010 34.385 31.762 29.174 26.647 24.208 21.877 19.671 17.601 15.677 13.903 12.280
0.807 0.971 1.165 1.391 1.655 1.961 2.314 2.720 3.184 3.712 4.309 4.982 5.736 6.577 7.510 8.539 9.669 10.903 12.243 13.689 15.242 16.899 18.658 20.514 22.459 24.487 26.587 28.749 30.961 33.211 35.484 37.767 40.045 42.304 44.528 46.703 48.814 50.846 52.784 54.613 56.316 57.876 59.276 60.499 61.525 62.336 62.913 63.240 63.300 63.081 62.573 61.771 60.675 59.289 57.624 55.698 53.534 51.158 48.603 45.905 43.101 40.231 37.333 34.443 31.597 28.825 26.154 23.607 21.201 18.949 16.858 14.933 13.175
0.856 1.030 1.234 1.473 1.751 2.075 2.448 2.877 3.367 3.924 4.555 5.266 6.062 6.950 7.934 9.021 10.213 11.515 12.928 14.454 16.093 17.843 19.702 21.664 23.723 25.872 28.102 30.403 32.762 35.169 37.609 40.069 42.534 44.990 47.422 49.814 52.150 54.414 56.588 58.655 60.594 62.386 64.009 65.440 66.656 67.633 68.348 68.781 68.911 68.722 68.204 67.350 66.160 64.640 62.805 60.674 58.276 55.643 52.813 49.827 46.729 43.564 40.374 37.200 34.082 31.053 28.141 25.370 22.759 20.319 18.059 15.982 14.087
0.911 1.092 1.306 1.557 1.850 2.190 2.583 3.034 3.550 4.137 4.801 5.550 6.389 7.324 8.361 9.505 10.761 12.133 13.623 15.232 16.960 18.807 20.769 22.843 25.023 27.301 29.670 32.118 34.636 37.212 39.832 42.484 45.153 47.825 50.483 53.112 55.694 58.212 60.645 62.972 65.170 67.214 69.078 70.734 72.153 73.306 74.165 74.704 74.900 74.733 74.192 73.268 71.963 70.286 68.254 65.892 63.232 60.314 57.182 53.883 50.468 46.986 43.486 40.014 36.611 33.313 30.152 27.152 24.331 21.701 19.271 17.040 15.009
0.974 1.163 1.386 1.648 1.954 2.309 2.721 3.194 3.735 4.350 5.048 5.834 6.714 7.697 8.786 9.989 11.310 12.752 14.319 16.012 17.832 19.779 21.849 24.040 26.345 28.759 31.273 33.879 36.565 39.322 42.136 44.995 47.885 50.790 53.696 56.584 59.436 62.232 64.949 67.561 70.041 72.360 74.485 76.383 78.018 79.356 80.363 81.008 81.263 81.108 80.527 79.513 78.070 76.208 73.950 71.327 68.376 65.144 61.682 58.045 54.289 50.471 46.645 42.860 39.161 35.587 32.171 28.937 25.904 23.084 20.482 18.099 15.931
1.057 1.250 1.480 1.751 2.068 2.438 2.866 3.359 3.923 4.566 5.295 6.117 7.039 8.067 9.208 10.469 11.853 13.366 15.010 16.789 18.702 20.750 22.930 25.241 27.676 30.231 32.898 35.669 38.534 41.484 44.506 47.588 50.717 53.877 57.052 60.224 63.372 66.472 69.499 72.423 75.212 77.829 80.236 82.392 84.256 85.787 86.944 87.690 87.996 87.836 87.196 86.068 84.458 82.382 79.867 76.950 73.676 70.100 66.281 62.281 58.163 53.991 49.823 45.713 41.710 37.854 34.178 30.709 27.464 24.453 21.681 19.148 16.847
1.175 1.370 1.603 1.879 2.205 2.585 3.027 3.537 4.122 4.790 5.548 6.403 7.363 8.436 9.627 10.943 12.389 13.971 15.693 17.556 19.562 21.712 24.004 26.437 29.006 31.707 34.533 37.477 40.532 43.687 46.931 50.254 53.642 57.079 60.549 64.030 67.502 70.936 74.302 77.566 80.689 83.628 86.338 88.769 90.872 92.600 93.905 94.746 95.088 94.904 94.179 92.909 91.101 88.777 85.970 82.725 79.096 75.146 70.942 66.555 62.056 57.513 52.990 48.547 44.233 40.091 36.155 32.451 28.995 25.796 22.858 20.177 17.747
